baseline_model,material_id,formula,n_atoms,energy_raw,energy_is_per_atom,energy_total,energy_per_atom
m3gnet,wbm-3-33801,Eu2 In4 Pt4,10,-62.42768478393555,False,-62.42768478393555,-6.242768478393555
m3gnet,wbm-3-33802,Eu1 In2 Pt3,6,-37.81208419799805,False,-37.81208419799805,-6.302014032999675
m3gnet,wbm-3-33803,Eu2 In4 Pt2,8,-49.28132247924805,False,-49.28132247924805,-6.160165309906006
m3gnet,wbm-3-33804,Eu1 In2 Tm1,4,-21.81777572631836,False,-21.81777572631836,-5.45444393157959
m3gnet,wbm-3-33805,Eu2 In4,6,-34.339454650878906,False,-34.339454650878906,-5.723242441813151
m3gnet,wbm-3-33806,Au4 Gd2 In4,10,-56.701202392578125,False,-56.701202392578125,-5.6701202392578125
m3gnet,wbm-3-33807,Au2 Gd2 In4,8,-49.87725067138672,False,-49.87725067138672,-6.23465633392334
m3gnet,wbm-3-33808,Er1 Gd1 In2,4,-26.00974464416504,False,-26.00974464416504,-6.50243616104126
m3gnet,wbm-3-33809,Gd1 Ho1 In2,4,-26.035568237304688,False,-26.035568237304688,-6.508892059326172
m3gnet,wbm-3-33810,Gd2 In4 Os2,8,-63.29764938354492,False,-63.29764938354492,-7.912206172943115
m3gnet,wbm-3-33811,Gd2 In4 Os2,8,-63.29766082763672,False,-63.29766082763672,-7.91220760345459
m3gnet,wbm-3-33812,Gd2 In4 Pt2,8,-56.9970703125,False,-56.9970703125,-7.1246337890625
m3gnet,wbm-3-33813,Gd2 In4 Pt2,8,-56.99737548828125,False,-56.99737548828125,-7.124671936035156
m3gnet,wbm-3-33814,Gd1 In2 Tb1,4,-26.114553451538086,False,-26.114553451538086,-6.5286383628845215
m3gnet,wbm-3-33815,Gd1 In2 Tm1,4,-25.892364501953125,False,-25.892364501953125,-6.473091125488281
m3gnet,wbm-3-33816,Gd2 In4,6,-41.932613372802734,False,-41.932613372802734,-6.988768895467122
m3gnet,wbm-3-33817,Ac1 Hf1 In2,4,-20.23935890197754,False,-20.23935890197754,-5.059839725494385
m3gnet,wbm-3-33818,Hf2 In4 Ir2,8,-51.92770004272461,False,-51.92770004272461,-6.490962505340576
m3gnet,wbm-3-33819,Hf2 In4 Os2,8,-54.66512680053711,False,-54.66512680053711,-6.833140850067139
m3gnet,wbm-3-33820,Hf2 In4 Pt2,8,-47.002235412597656,False,-47.002235412597656,-5.875279426574707
m3gnet,wbm-3-33821,Hf2 In4,6,-31.735549926757812,False,-31.735549926757812,-5.289258321126302
m3gnet,wbm-3-33822,Hg1 In2 Tl1,4,-8.155996322631836,False,-8.155996322631836,-2.038999080657959
m3gnet,wbm-3-33823,Ho6 In4,10,-42.03034973144531,False,-42.03034973144531,-4.203034973144531
m3gnet,wbm-3-33824,Bi1 Ho1 In2,4,-15.239201545715332,False,-15.239201545715332,-3.809800386428833
m3gnet,wbm-3-33825,Er1 Ho1 In2,4,-16.392127990722656,False,-16.392127990722656,-4.098031997680664
m3gnet,wbm-3-33826,Ho1 In2 Lu1,4,-16.255123138427734,False,-16.255123138427734,-4.063780784606934
m3gnet,wbm-3-33827,Ho1 In2 Np1,4,-23.165760040283203,False,-23.165760040283203,-5.791440010070801
m3gnet,wbm-3-33828,Ho2 In4 Os2,8,-44.26168441772461,False,-44.26168441772461,-5.532710552215576
m3gnet,wbm-3-33829,Ho2 In4 Pt2,8,-38.244102478027344,False,-38.244102478027344,-4.780512809753418
m3gnet,wbm-3-33830,Ho1 In2 Pu1,4,-25.43021011352539,False,-25.43021011352539,-6.357552528381348
m3gnet,wbm-3-33831,Ho1 In2 Ta1,4,-21.653409957885742,False,-21.653409957885742,-5.4133524894714355
m3gnet,wbm-3-33832,Ho1 In2 Tm1,4,-16.282958984375,False,-16.282958984375,-4.07073974609375
m3gnet,wbm-3-33833,Ho1 In2 U1,4,-21.723176956176758,False,-21.723176956176758,-5.4307942390441895
m3gnet,wbm-3-33834,Ho2 In4,6,-22.676204681396484,False,-22.676204681396484,-3.779367446899414
m3gnet,wbm-3-33835,Ho4 In8,12,-45.35731506347656,False,-45.35731506347656,-3.7797762552897134
m3gnet,wbm-3-33836,Ba1 I8 In2,11,-28.560319900512695,False,-28.560319900512695,-2.5963927182284268
m3gnet,wbm-3-33837,Ba4 I2 In4,10,-30.706768035888672,False,-30.706768035888672,-3.070676803588867
m3gnet,wbm-3-33838,In4 Ir4 Pb2,10,-53.90530776977539,False,-53.90530776977539,-5.390530776977539
m3gnet,wbm-3-33839,In4 Ir2 Pa2,8,-50.83646774291992,False,-50.83646774291992,-6.35455846786499
m3gnet,wbm-3-33840,In4 Ir2 Pu2,8,-58.74617004394531,False,-58.74617004394531,-7.343271255493164
m3gnet,wbm-3-33841,In2 Ir1,3,-14.279057502746582,False,-14.279057502746582,-4.75968583424886
m3gnet,wbm-3-33842,In8 Ir4,12,-58.458980560302734,False,-58.458980560302734,-4.8715817133585615
m3gnet,wbm-3-33843,In4 La4 Tl2,10,-39.7182731628418,False,-39.7182731628418,-3.9718273162841795
m3gnet,wbm-3-33844,In4 La6,10,-44.55495071411133,False,-44.55495071411133,-4.455495071411133
m3gnet,wbm-3-33845,Au4 In4 La2,10,-39.64377975463867,False,-39.64377975463867,-3.9643779754638673
m3gnet,wbm-3-33846,Au4 In4 La2,10,-39.56012725830078,False,-39.56012725830078,-3.956012725830078
m3gnet,wbm-3-33847,Bi1 In2 La1,4,-16.388837814331055,False,-16.388837814331055,-4.097209453582764
m3gnet,wbm-3-33848,Ce1 In2 La1,4,-18.05868148803711,False,-18.05868148803711,-4.514670372009277
m3gnet,wbm-3-33849,Dy1 In2 La1,4,-16.88665771484375,False,-16.88665771484375,-4.2216644287109375
m3gnet,wbm-3-33850,Er1 In2 La1,4,-16.805011749267578,False,-16.805011749267578,-4.2012529373168945
m3gnet,wbm-3-33851,Ho1 In2 La1,4,-16.839670181274414,False,-16.839670181274414,-4.2099175453186035
m3gnet,wbm-3-33852,In2 La1 Lu1,4,-16.653215408325195,False,-16.653215408325195,-4.163303852081299
m3gnet,wbm-3-33853,In2 La1 Nd1,4,-17.181415557861328,False,-17.181415557861328,-4.295353889465332
m3gnet,wbm-3-33854,In2 La1 Np1,4,-23.72603416442871,False,-23.72603416442871,-5.931508541107178
m3gnet,wbm-3-33855,In2 La1 Pm1,4,-17.20160675048828,False,-17.20160675048828,-4.30040168762207
m3gnet,wbm-3-33856,In2 La1 Pu1,4,-25.64396858215332,False,-25.64396858215332,-6.41099214553833
m3gnet,wbm-3-33857,In2 La1 Sm1,4,-17.09718132019043,False,-17.09718132019043,-4.274295330047607
m3gnet,wbm-3-33858,In2 La1 Ta1,4,-21.577131271362305,False,-21.577131271362305,-5.394282817840576
m3gnet,wbm-3-33859,In2 La1 Tb1,4,-16.94255828857422,False,-16.94255828857422,-4.235639572143555
m3gnet,wbm-3-33860,In2 La1 Tm1,4,-16.649169921875,False,-16.649169921875,-4.16229248046875
m3gnet,wbm-3-33861,In2 La1 U1,4,-22.08733367919922,False,-22.08733367919922,-5.521833419799805
m3gnet,wbm-3-33862,In4 La2,6,-23.854061126708984,False,-23.854061126708984,-3.9756768544514975
m3gnet,wbm-3-33863,In8 La4,12,-47.71070861816406,False,-47.71070861816406,-3.9758923848470054
m3gnet,wbm-3-33864,In4 Lu6,10,-41.19296646118164,False,-41.19296646118164,-4.119296646118164
m3gnet,wbm-3-33865,Bi1 In2 Lu1,4,-14.862221717834473,False,-14.862221717834473,-3.715555429458618
m3gnet,wbm-3-33866,In4 Lu2 Pt2,8,-37.91724395751953,False,-37.91724395751953,-4.739655494689941
m3gnet,wbm-3-33867,In2 Lu1 Ta1,4,-21.616867065429688,False,-21.616867065429688,-5.404216766357422
m3gnet,wbm-3-33868,In4 Lu2,6,-22.234203338623047,False,-22.234203338623047,-3.7057005564371743
m3gnet,wbm-3-33869,In8 Lu4,12,-44.470027923583984,False,-44.470027923583984,-3.7058356602986655
m3gnet,wbm-3-33870,In4 Nd6,10,-43.62408447265625,False,-43.62408447265625,-4.362408447265625
m3gnet,wbm-3-33871,Au4 In4 Nd2,10,-38.97062301635742,False,-38.97062301635742,-3.897062301635742
m3gnet,wbm-3-33872,Bi1 In2 Nd1,4,-15.903443336486816,False,-15.903443336486816,-3.975860834121704
m3gnet,wbm-3-33873,Dy1 In2 Nd1,4,-16.738834381103516,False,-16.738834381103516,-4.184708595275879
m3gnet,wbm-3-33874,Eu1 In2 Nd1,4,-22.267724990844727,False,-22.267724990844727,-5.566931247711182
m3gnet,wbm-3-33875,In2 Nd1 Np1,4,-23.41800308227539,False,-23.41800308227539,-5.854500770568848
m3gnet,wbm-3-33876,In4 Nd2 Os2,8,-44.827083587646484,False,-44.827083587646484,-5.6033854484558105
m3gnet,wbm-3-33877,In2 Nd1 Pm1,4,-16.966556549072266,False,-16.966556549072266,-4.241639137268066
m3gnet,wbm-3-33878,In4 Nd2 Pt2,8,-38.84402084350586,False,-38.84402084350586,-4.855502605438232
m3gnet,wbm-3-33879,In2 Nd1 Pu1,4,-25.535446166992188,False,-25.535446166992188,-6.383861541748047
m3gnet,wbm-3-33880,In2 Nd1 Sm1,4,-16.927785873413086,False,-16.927785873413086,-4.2319464683532715
m3gnet,wbm-3-33881,In2 Nd1 Ta1,4,-21.62395477294922,False,-21.62395477294922,-5.405988693237305
m3gnet,wbm-3-33882,In2 Nd1 Tb1,4,-16.798839569091797,False,-16.798839569091797,-4.199709892272949
m3gnet,wbm-3-33883,In2 Nd1 Tm1,4,-16.51254653930664,False,-16.51254653930664,-4.12813663482666
m3gnet,wbm-3-33884,In2 Nd1 U1,4,-21.918020248413086,False,-21.918020248413086,-5.4795050621032715
m3gnet,wbm-3-33885,In4 Nd2,6,-23.45526123046875,False,-23.45526123046875,-3.909210205078125
m3gnet,wbm-3-33886,In8 Nd4,12,-46.926387786865234,False,-46.926387786865234,-3.910532315572103
m3gnet,wbm-3-33887,In6 Nd3,9,-35.05524444580078,False,-35.05524444580078,-3.8950271606445312
m3gnet,wbm-3-33888,In4 Np2,6,-37.851280212402344,False,-37.851280212402344,-6.308546702067058
m3gnet,wbm-3-33889,In4 Np2,6,-38.007511138916016,False,-38.007511138916016,-6.334585189819336
m3gnet,wbm-3-33890,In8 Np4,12,-74.65975952148438,False,-74.65975952148438,-6.221646626790364
m3gnet,wbm-3-33891,In8 Np4,12,-73.70846557617188,False,-73.70846557617188,-6.142372131347656
m3gnet,wbm-3-33892,In4 Np2,6,-37.85197448730469,False,-37.85197448730469,-6.308662414550781
m3gnet,wbm-3-33893,In4 Np2 Os2,8,-58.5030632019043,False,-58.5030632019043,-7.312882900238037
m3gnet,wbm-3-33894,In4 Os2 Pu2,8,-61.32468032836914,False,-61.32468032836914,-7.665585041046143
m3gnet,wbm-3-33895,In4 Os2 Th2,8,-50.17607498168945,False,-50.17607498168945,-6.272009372711182
m3gnet,wbm-3-33896,In4 Os2 U2,8,-55.67124938964844,False,-55.67124938964844,-6.958906173706055
m3gnet,wbm-3-33897,In4 Os2,6,-31.398738861083984,False,-31.398738861083984,-5.233123143513997
m3gnet,wbm-3-33898,Gd1 In2 Pm1,4,-26.292186737060547,False,-26.292186737060547,-6.573046684265137
m3gnet,wbm-3-33899,Ho1 In2 Pm1,4,-16.739891052246094,False,-16.739891052246094,-4.184972763061523
m3gnet,wbm-3-33900,In2 Lu1 Pm1,4,-16.559093475341797,False,-16.559093475341797,-4.139773368835449
m3gnet,wbm-3-33901,In2 Np1 Pm1,4,-23.465085983276367,False,-23.465085983276367,-5.866271495819092
m3gnet,wbm-3-33902,In2 Pm1 Pu1,4,-25.60686683654785,False,-25.60686683654785,-6.401716709136963
m3gnet,wbm-3-33903,In2 Pm1 Sm1,4,-16.9152774810791,False,-16.9152774810791,-4.228819370269775
m3gnet,wbm-3-33904,In2 Pm1 Tb1,4,-16.810632705688477,False,-16.810632705688477,-4.202658176422119
m3gnet,wbm-3-33905,In2 Pm1 Th1,4,-19.19841194152832,False,-19.19841194152832,-4.79960298538208
m3gnet,wbm-3-33906,In2 Pm1 Tm1,4,-16.594985961914062,False,-16.594985961914062,-4.148746490478516
m3gnet,wbm-3-33907,In2 Pm1 U1,4,-22.00970458984375,False,-22.00970458984375,-5.5024261474609375
m3gnet,wbm-3-33908,Au4 In4 Pr2,10,-39.12580871582031,False,-39.12580871582031,-3.912580871582031
m3gnet,wbm-3-33909,Bi1 In2 Pr1,4,-15.954782485961914,False,-15.954782485961914,-3.9886956214904785
m3gnet,wbm-3-33910,Dy1 In2 Pr1,4,-16.718807220458984,False,-16.718807220458984,-4.179701805114746
m3gnet,wbm-3-33911,Eu1 In2 Pr1,4,-22.2523250579834,False,-22.2523250579834,-5.56308126449585
m3gnet,wbm-3-33912,Ho1 In2 Pr1,4,-16.669265747070312,False,-16.669265747070312,-4.167316436767578
m3gnet,wbm-3-33913,In2 Nd1 Pr1,4,-16.99185562133789,False,-16.99185562133789,-4.247963905334473
m3gnet,wbm-3-33914,In2 Np1 Pr1,4,-23.411903381347656,False,-23.411903381347656,-5.852975845336914
m3gnet,wbm-3-33915,In4 Os2 Pr2,8,-44.85981750488281,False,-44.85981750488281,-5.607477188110352
m3gnet,wbm-3-33916,In2 Pm1 Pr1,4,-16.9486026763916,False,-16.9486026763916,-4.2371506690979
m3gnet,wbm-3-33917,In4 Pr2 Pt2,8,-38.84873580932617,False,-38.84873580932617,-4.8560919761657715
m3gnet,wbm-3-33918,In2 Pr1 Pu1,4,-25.48757553100586,False,-25.48757553100586,-6.371893882751465
m3gnet,wbm-3-33919,In2 Pr1 Sm1,4,-16.914493560791016,False,-16.914493560791016,-4.228623390197754
m3gnet,wbm-3-33920,In2 Pr1 Ta1,4,-21.593828201293945,False,-21.593828201293945,-5.398457050323486
m3gnet,wbm-3-33921,In2 Pr1 Tb1,4,-16.786880493164062,False,-16.786880493164062,-4.196720123291016
m3gnet,wbm-3-33922,In2 Pr1 Tm1,4,-16.48499298095703,False,-16.48499298095703,-4.121248245239258
m3gnet,wbm-3-33923,In2 Pr1 U1,4,-21.90620994567871,False,-21.90620994567871,-5.476552486419678
m3gnet,wbm-3-33924,In4 Pr2,6,-23.45045280456543,False,-23.45045280456543,-3.908408800760905
m3gnet,wbm-3-33925,In8 Pr4,12,-46.91905975341797,False,-46.91905975341797,-3.909921646118164
m3gnet,wbm-3-33926,In4 Pb2 Pt4,10,-46.25010681152344,False,-46.25010681152344,-4.625010681152344
m3gnet,wbm-3-33927,In4 Pt4 Tl2,10,-43.21964645385742,False,-43.21964645385742,-4.3219646453857425
m3gnet,wbm-3-33928,In2 Pt3 Pu1,6,-39.32109832763672,False,-39.32109832763672,-6.553516387939453
m3gnet,wbm-3-33929,Au1 In2 Pt1,4,-15.880971908569336,False,-15.880971908569336,-3.970242977142334
m3gnet,wbm-3-33930,In4 Np2 Pt2,8,-51.00836944580078,False,-51.00836944580078,-6.376046180725098
m3gnet,wbm-3-33931,In4 Np2 Pt2,8,-51.008792877197266,False,-51.008792877197266,-6.376099109649658
m3gnet,wbm-3-33932,In4 Pt2 Pu2,8,-54.577178955078125,False,-54.577178955078125,-6.822147369384766
m3gnet,wbm-3-33933,In4 Pt2 Pu2,8,-54.577674865722656,False,-54.577674865722656,-6.822209358215332
m3gnet,wbm-3-33934,In4 Pt2 Th2,8,-43.53367614746094,False,-43.53367614746094,-5.441709518432617
m3gnet,wbm-3-33935,In4 Pt2 Th2,8,-43.53430938720703,False,-43.53430938720703,-5.441788673400879
m3gnet,wbm-3-33936,In4 Pt2 U2,8,-48.27082061767578,False,-48.27082061767578,-6.033852577209473
m3gnet,wbm-3-33937,In4 Pt2 U2,8,-48.27113723754883,False,-48.27113723754883,-6.0338921546936035
m3gnet,wbm-3-33938,In4 Pu2,6,-40.93354034423828,False,-40.93354034423828,-6.822256724039714
m3gnet,wbm-3-33939,Ba1 In2 Sb2,5,-18.143924713134766,False,-18.143924713134766,-3.628784942626953
m3gnet,wbm-3-33940,Eu1 In2 Sb2,5,-26.301334381103516,False,-26.301334381103516,-5.260266876220703
m3gnet,wbm-3-33941,Au6 In4 Sb2,12,-41.240150451660156,False,-41.240150451660156,-3.436679204305013
m3gnet,wbm-3-33942,In4 Pt6 Sb2,12,-61.676143646240234,False,-61.676143646240234,-5.1396786371866865
m3gnet,wbm-3-33943,Au4 In4 Sm2,10,-38.6793212890625,False,-38.6793212890625,-3.86793212890625
m3gnet,wbm-3-33944,Bi1 In2 Sm1,4,-15.733784675598145,False,-15.733784675598145,-3.933446168899536
m3gnet,wbm-3-33945,Eu1 In2 Sm1,4,-22.223539352416992,False,-22.223539352416992,-5.555884838104248
m3gnet,wbm-3-33946,In2 Np1 Sm1,4,-23.373701095581055,False,-23.373701095581055,-5.843425273895264
m3gnet,wbm-3-33947,In4 Os2 Sm2,8,-44.68224334716797,False,-44.68224334716797,-5.585280418395996
m3gnet,wbm-3-33948,In2 Pt3 Sm1,6,-32.95387649536133,False,-32.95387649536133,-5.492312749226888
m3gnet,wbm-3-33949,In4 Pt2 Sm2,8,-38.728172302246094,False,-38.728172302246094,-4.841021537780762
m3gnet,wbm-3-33950,In2 Pu1 Sm1,4,-25.531734466552734,False,-25.531734466552734,-6.382933616638184
m3gnet,wbm-3-33951,In2 Sm1 Ta1,4,-21.654909133911133,False,-21.654909133911133,-5.413727283477783
m3gnet,wbm-3-33952,In2 Sm1 Tb1,4,-16.7387638092041,False,-16.7387638092041,-4.184690952301025
m3gnet,wbm-3-33953,In2 Sm1 Tm1,4,-16.47488021850586,False,-16.47488021850586,-4.118720054626465
m3gnet,wbm-3-33954,In2 Sm1 U1,4,-21.880281448364258,False,-21.880281448364258,-5.4700703620910645
m3gnet,wbm-3-33955,In4 Sm2,6,-23.303951263427734,False,-23.303951263427734,-3.8839918772379556
m3gnet,wbm-3-33956,In8 Sm4,12,-46.621437072753906,False,-46.621437072753906,-3.8851197560628257
m3gnet,wbm-3-33957,Hg1 In2 Sn1,4,-9.647918701171875,False,-9.647918701171875,-2.4119796752929688
m3gnet,wbm-3-33958,I2 In2 Sn1,5,-14.219222068786621,False,-14.219222068786621,-2.843844413757324
m3gnet,wbm-3-33959,In2 Np1 Ta1,4,-29.25560760498047,False,-29.25560760498047,-7.313901901245117
m3gnet,wbm-3-33960,In4 Ta2,6,-33.347496032714844,False,-33.347496032714844,-5.557916005452474
m3gnet,wbm-3-33961,Au4 In4 Tb2,10,-38.282562255859375,False,-38.282562255859375,-3.8282562255859376
m3gnet,wbm-3-33962,Bi1 In2 Tb1,4,-15.459657669067383,False,-15.459657669067383,-3.8649144172668457
m3gnet,wbm-3-33963,Dy1 In2 Tb1,4,-16.56800651550293,False,-16.56800651550293,-4.142001628875732
m3gnet,wbm-3-33964,Er1 In2 Tb1,4,-16.512649536132812,False,-16.512649536132812,-4.128162384033203
m3gnet,wbm-3-33965,Ho1 In2 Tb1,4,-16.524158477783203,False,-16.524158477783203,-4.131039619445801
m3gnet,wbm-3-33966,In2 Lu1 Tb1,4,-16.359546661376953,False,-16.359546661376953,-4.089886665344238
m3gnet,wbm-3-33967,In2 Np1 Tb1,4,-23.303754806518555,False,-23.303754806518555,-5.825938701629639
m3gnet,wbm-3-33968,In4 Os2 Tb2,8,-44.458465576171875,False,-44.458465576171875,-5.557308197021484
m3gnet,wbm-3-33969,In2 Pu1 Tb1,4,-25.527503967285156,False,-25.527503967285156,-6.381875991821289
m3gnet,wbm-3-33970,In2 Ta1 Tb1,4,-21.799427032470703,False,-21.799427032470703,-5.449856758117676
m3gnet,wbm-3-33971,In2 Tb1 Tm1,4,-16.370203018188477,False,-16.370203018188477,-4.092550754547119
m3gnet,wbm-3-33972,In2 Tb1 U1,4,-21.79055404663086,False,-21.79055404663086,-5.447638511657715
m3gnet,wbm-3-33973,In4 Tb2,6,-23.002246856689453,False,-23.002246856689453,-3.833707809448242
m3gnet,wbm-3-33974,In8 Tb4,12,-46.010711669921875,False,-46.010711669921875,-3.8342259724934897
m3gnet,wbm-3-33975,I2 In2 Te1,5,-13.687148094177246,False,-13.687148094177246,-2.737429618835449
m3gnet,wbm-3-33976,In2 Np1 Th1,4,-26.071712493896484,False,-26.071712493896484,-6.517928123474121
m3gnet,wbm-3-33977,In4 Th2,6,-27.869848251342773,False,-27.869848251342773,-4.644974708557129
m3gnet,wbm-3-33978,Au2 In4 Tm2,8,-30.496070861816406,False,-30.496070861816406,-3.812008857727051
m3gnet,wbm-3-33979,Bi1 In2 Tm1,4,-14.920524597167969,False,-14.920524597167969,-3.730131149291992
m3gnet,wbm-3-33980,In2 Np1 Tm1,4,-23.01776885986328,False,-23.01776885986328,-5.75444221496582
m3gnet,wbm-3-33981,In4 Os2 Tm2,8,-43.9062614440918,False,-43.9062614440918,-5.488282680511475
m3gnet,wbm-3-33982,In4 Pt2 Tm2,8,-37.8887939453125,False,-37.8887939453125,-4.7360992431640625
m3gnet,wbm-3-33983,In2 Pu1 Tm1,4,-25.30529022216797,False,-25.30529022216797,-6.326322555541992
m3gnet,wbm-3-33984,In2 Ta1 Tm1,4,-21.561920166015625,False,-21.561920166015625,-5.390480041503906
m3gnet,wbm-3-33985,In2 Tm1 U1,4,-21.52017593383789,False,-21.52017593383789,-5.380043983459473
m3gnet,wbm-3-33986,In4 Tm2,6,-22.256643295288086,False,-22.256643295288086,-3.709440549214681
m3gnet,wbm-3-33987,In8 Tm4,12,-44.516014099121094,False,-44.516014099121094,-3.7096678415934243
m3gnet,wbm-3-33988,In2 Np1 U1,4,-29.44249725341797,False,-29.44249725341797,-7.360624313354492
m3gnet,wbm-3-33989,In4 U2,6,-33.46208953857422,False,-33.46208953857422,-5.577014923095703
m3gnet,wbm-3-33990,In8 U4,12,-66.5317153930664,False,-66.5317153930664,-5.544309616088867
m3gnet,wbm-3-33991,Au2 In4 Yb2,8,-25.16158103942871,False,-25.16158103942871,-3.145197629928589
m3gnet,wbm-3-33992,Hf1 In2 Yb1,4,-18.047327041625977,False,-18.047327041625977,-4.511831760406494
m3gnet,wbm-3-33993,Hg1 In2 Yb1,4,-8.830321311950684,False,-8.830321311950684,-2.207580327987671
m3gnet,wbm-3-33994,In4 Os2 Yb2,8,-37.14580535888672,False,-37.14580535888672,-4.64322566986084
m3gnet,wbm-3-33995,In2 Pa1 Yb1,4,-17.41596221923828,False,-17.41596221923828,-4.35399055480957
m3gnet,wbm-3-33996,In2 Pb1 Yb1,4,-12.058717727661133,False,-12.058717727661133,-3.014679431915283
m3gnet,wbm-3-33997,In2 Th1 Yb1,4,-15.880441665649414,False,-15.880441665649414,-3.9701104164123535
m3gnet,wbm-3-33998,In2 Tl1 Yb1,4,-10.706830024719238,False,-10.706830024719238,-2.6767075061798096
m3gnet,wbm-3-33999,In4 Yb2,6,-16.646484375,False,-16.646484375,-2.7744140625
m3gnet,wbm-3-34000,In8 Yb4,12,-33.2955322265625,False,-33.2955322265625,-2.774627685546875
m3gnet,wbm-3-34001,Ac1 In3,4,-13.95937442779541,False,-13.95937442779541,-3.4898436069488525
m3gnet,wbm-3-34002,Au2 In3 Th3,8,-41.908050537109375,False,-41.908050537109375,-5.238506317138672
m3gnet,wbm-3-34003,Au7 In3,10,-32.46699905395508,False,-32.46699905395508,-3.246699905395508
m3gnet,wbm-3-34004,Ba1 Hg1 In3,5,-12.213602066040039,False,-12.213602066040039,-2.442720413208008
m3gnet,wbm-3-34005,Au2 Ce2 In3,7,-30.59424591064453,False,-30.59424591064453,-4.370606558663504
m3gnet,wbm-3-34006,Ce2 In3 Ir2,7,-41.758689880371094,False,-41.758689880371094,-5.9655271257672995
m3gnet,wbm-3-34007,Ce4 In6 Os2,12,-65.44270324707031,False,-65.44270324707031,-5.453558603922526
m3gnet,wbm-3-34008,Ce4 In6 Pt2,12,-58.99871063232422,False,-58.99871063232422,-4.916559219360352
m3gnet,wbm-3-34009,Au2 Ce3 In3,8,-37.415252685546875,False,-37.415252685546875,-4.676906585693359
m3gnet,wbm-3-34010,Ce3 In3 Ir2,8,-48.998199462890625,False,-48.998199462890625,-6.124774932861328
m3gnet,wbm-3-34011,Ce3 In3 Os2,8,-51.608394622802734,False,-51.608394622802734,-6.451049327850342
m3gnet,wbm-3-34012,Ce3 In3 Pt2,8,-44.78228759765625,False,-44.78228759765625,-5.597785949707031
m3gnet,wbm-3-34013,Dy4 In6 Ir2,12,-58.618255615234375,False,-58.618255615234375,-4.884854634602864
m3gnet,wbm-3-34014,Dy2 In3 Os2,7,-41.59947204589844,False,-41.59947204589844,-5.942781720842634
m3gnet,wbm-3-34015,Dy4 In6 Os2,12,-60.73948669433594,False,-60.73948669433594,-5.061623891194661
m3gnet,wbm-3-34016,Dy2 In3 Pt2,7,-35.520774841308594,False,-35.520774841308594,-5.074396405901227
m3gnet,wbm-3-34017,Au2 Dy3 In3,8,-34.38633728027344,False,-34.38633728027344,-4.29829216003418
m3gnet,wbm-3-34018,Dy3 In3 Ir2,8,-45.45895767211914,False,-45.45895767211914,-5.682369709014893
m3gnet,wbm-3-34019,Dy3 In3 Os2,8,-47.54393768310547,False,-47.54393768310547,-5.942992210388184
m3gnet,wbm-3-34020,Dy3 In3 Os2,8,-47.146297454833984,False,-47.146297454833984,-5.893287181854248
m3gnet,wbm-3-34021,Dy3 In3 Pt2,8,-41.5324821472168,False,-41.5324821472168,-5.1915602684021
m3gnet,wbm-3-34022,Dy3 In3 Pt2,8,-40.77647399902344,False,-40.77647399902344,-5.09705924987793
m3gnet,wbm-3-34023,Dy3 In3 Re2,8,-48.58435821533203,False,-48.58435821533203,-6.073044776916504
m3gnet,wbm-3-34024,Dy2 In6,8,-28.31696891784668,False,-28.31696891784668,-3.539621114730835
m3gnet,wbm-3-34025,Er2 In3 Ir2,7,-39.35358428955078,False,-39.35358428955078,-5.621940612792969
m3gnet,wbm-3-34026,Er4 In6 Ir2,12,-58.44194793701172,False,-58.44194793701172,-4.87016232808431
m3gnet,wbm-3-34027,Er2 In3 Os2,7,-41.51020812988281,False,-41.51020812988281,-5.930029732840402
m3gnet,wbm-3-34028,Er4 In6 Os2,12,-60.42947769165039,False,-60.42947769165039,-5.035789807637532
m3gnet,wbm-3-34029,Er2 In3 Pt2,7,-35.45467758178711,False,-35.45467758178711,-5.064953940255301
m3gnet,wbm-3-34030,Au2 Er3 In3,8,-34.117069244384766,False,-34.117069244384766,-4.264633655548096
m3gnet,wbm-3-34031,Er3 In3 Ir2,8,-45.4129638671875,False,-45.4129638671875,-5.6766204833984375
m3gnet,wbm-3-34032,Er3 In3 Os2,8,-47.527320861816406,False,-47.527320861816406,-5.940915107727051
m3gnet,wbm-3-34033,Er3 In3 Os2,8,-47.07052993774414,False,-47.07052993774414,-5.883816242218018
m3gnet,wbm-3-34034,Er3 In3 Pt2,8,-41.39007568359375,False,-41.39007568359375,-5.173759460449219
m3gnet,wbm-3-34035,Er3 In3 Pt2,8,-40.63813400268555,False,-40.63813400268555,-5.079766750335693
m3gnet,wbm-3-34036,Er3 In3 Re2,8,-48.43998718261719,False,-48.43998718261719,-6.054998397827148
m3gnet,wbm-3-34037,Eu4 In6 Ir2,12,-80.54744720458984,False,-80.54744720458984,-6.712287267049153
m3gnet,wbm-3-34038,Eu4 In6 Os2,12,-82.36988830566406,False,-82.36988830566406,-6.864157358805339
m3gnet,wbm-3-34039,Eu4 In6 Pt2,12,-77.36988067626953,False,-77.36988067626953,-6.447490056355794
m3gnet,wbm-3-34040,Eu3 In3 Pt2,8,-57.425453186035156,False,-57.425453186035156,-7.1781816482543945
m3gnet,wbm-3-34041,Eu1 In3 Ir1,5,-29.177167892456055,False,-29.177167892456055,-5.835433578491211
m3gnet,wbm-3-34042,Eu1 In3 Pt1,5,-27.28257942199707,False,-27.28257942199707,-5.456515884399414
m3gnet,wbm-3-34043,Gd4 In6 Ir2,12,-96.23137664794922,False,-96.23137664794922,-8.019281387329102
m3gnet,wbm-3-34044,Gd4 In6 Os2,12,-98.53213500976562,False,-98.53213500976562,-8.211011250813803
m3gnet,wbm-3-34045,Gd3 In3 Ir2,8,-73.7082290649414,False,-73.7082290649414,-9.213528633117676
m3gnet,wbm-3-34046,Gd3 In3 Pt2,8,-69.82012939453125,False,-69.82012939453125,-8.727516174316406
m3gnet,wbm-3-34047,Gd2 In6,8,-47.50160217285156,False,-47.50160217285156,-5.937700271606445
m3gnet,wbm-3-34048,Hf4 In6 Os2,12,-79.11869049072266,False,-79.11869049072266,-6.593224207560222
m3gnet,wbm-3-34049,Hf4 In6 Pt2,12,-72.06596374511719,False,-72.06596374511719,-6.005496978759766
m3gnet,wbm-3-34050,Hg1 In3,4,-8.408994674682617,False,-8.408994674682617,-2.1022486686706543
m3gnet,wbm-3-34051,Au2 Ho2 In3,7,-28.297128677368164,False,-28.297128677368164,-4.042446953909738
m3gnet,wbm-3-34052,Ho2 In3 Ir2,7,-39.33541488647461,False,-39.33541488647461,-5.619344983782087
m3gnet,wbm-3-34053,Ho2 In3 Os2,7,-41.51980209350586,False,-41.51980209350586,-5.931400299072266
m3gnet,wbm-3-34054,Ho4 In6 Os2,12,-60.551605224609375,False,-60.551605224609375,-5.045967102050781
m3gnet,wbm-3-34055,Ho2 In3 Pt2,7,-35.44374084472656,False,-35.44374084472656,-5.063391549246652
m3gnet,wbm-3-34056,Au2 Ho3 In3,8,-34.28319549560547,False,-34.28319549560547,-4.285399436950684
m3gnet,wbm-3-34057,Ho3 In3 Ir2,8,-45.41261291503906,False,-45.41261291503906,-5.676576614379883
m3gnet,wbm-3-34058,Ho3 In3 Os2,8,-47.492958068847656,False,-47.492958068847656,-5.936619758605957
m3gnet,wbm-3-34059,Ho3 In3 Os2,8,-47.03727722167969,False,-47.03727722167969,-5.879659652709961
m3gnet,wbm-3-34060,Ho3 In3 Pt2,8,-41.47182846069336,False,-41.47182846069336,-5.18397855758667
m3gnet,wbm-3-34061,Ho3 In3 Pt2,8,-40.6765022277832,False,-40.6765022277832,-5.0845627784729
m3gnet,wbm-3-34062,Ho3 In3 Re2,8,-48.43403244018555,False,-48.43403244018555,-6.054254055023193
m3gnet,wbm-3-34063,In3 Ir2 Pu3,8,-69.65828704833984,False,-69.65828704833984,-8.70728588104248
m3gnet,wbm-3-34064,In3 Ir2 Th2,7,-45.006351470947266,False,-45.006351470947266,-6.429478781563895
m3gnet,wbm-3-34065,In3 Ir2 Th3,8,-53.7746696472168,False,-53.7746696472168,-6.7218337059021
m3gnet,wbm-3-34066,In3 Ir2 Th3,8,-53.24674987792969,False,-53.24674987792969,-6.655843734741211
m3gnet,wbm-3-34067,In3 Ir2 U3,8,-61.45288848876953,False,-61.45288848876953,-7.681611061096191
m3gnet,wbm-3-34068,In6 Ir2 Pu4,12,-92.97188568115234,False,-92.97188568115234,-7.747657140096028
m3gnet,wbm-3-34069,Au2 In3 La2,7,-29.323707580566406,False,-29.323707580566406,-4.189101082938058
m3gnet,wbm-3-34070,In3 Ir2 La2,7,-40.039859771728516,False,-40.039859771728516,-5.719979967389788
m3gnet,wbm-3-34071,In3 La2 Os2,7,-42.15612030029297,False,-42.15612030029297,-6.022302900041852
m3gnet,wbm-3-34072,In6 La4 Os2,12,-62.42008972167969,False,-62.42008972167969,-5.201674143473308
m3gnet,wbm-3-34073,In3 La2 Pt2,7,-36.147239685058594,False,-36.147239685058594,-5.1638913835797995
m3gnet,wbm-3-34074,Au2 In3 La3,8,-34.81388473510742,False,-34.81388473510742,-4.351735591888428
m3gnet,wbm-3-34075,In3 Ir2 La3,8,-45.81584167480469,False,-45.81584167480469,-5.726980209350586
m3gnet,wbm-3-34076,In3 La3 Os2,8,-47.67378616333008,False,-47.67378616333008,-5.95922327041626
m3gnet,wbm-3-34077,In3 La3 Pt2,8,-42.247589111328125,False,-42.247589111328125,-5.280948638916016
m3gnet,wbm-3-34078,In3 La3 Re2,8,-49.38844680786133,False,-49.38844680786133,-6.173555850982666
m3gnet,wbm-3-34079,In3 Ir2 Lu2,7,-39.17280960083008,False,-39.17280960083008,-5.59611565726144
m3gnet,wbm-3-34080,In6 Ir2 Lu4,12,-57.744415283203125,False,-57.744415283203125,-4.812034606933594
m3gnet,wbm-3-34081,In6 Lu4 Os2,12,-59.822044372558594,False,-59.822044372558594,-4.985170364379883
m3gnet,wbm-3-34082,In3 Lu2 Pt2,7,-35.205596923828125,False,-35.205596923828125,-5.029370989118304
m3gnet,wbm-3-34083,Au2 In3 Lu3,8,-33.83720397949219,False,-33.83720397949219,-4.229650497436523
m3gnet,wbm-3-34084,In3 Ir2 Lu3,8,-45.28866195678711,False,-45.28866195678711,-5.661082744598389
m3gnet,wbm-3-34085,In3 Lu3 Os2,8,-47.443931579589844,False,-47.443931579589844,-5.9304914474487305
m3gnet,wbm-3-34086,In3 Lu3 Pt2,8,-41.227439880371094,False,-41.227439880371094,-5.153429985046387
m3gnet,wbm-3-34087,In3 Ir2 Nd2,7,-39.5306510925293,False,-39.5306510925293,-5.647235870361328
m3gnet,wbm-3-34088,In6 Ir2 Nd4,12,-59.51438903808594,False,-59.51438903808594,-4.959532419840495
m3gnet,wbm-3-34089,In3 Nd2 Os2,7,-41.8422966003418,False,-41.8422966003418,-5.977470942905971
m3gnet,wbm-3-34090,In6 Nd4 Os2,12,-61.65634536743164,False,-61.65634536743164,-5.138028780619304
m3gnet,wbm-3-34091,In3 Nd2 Pt2,7,-35.73207473754883,False,-35.73207473754883,-5.104582105364118
m3gnet,wbm-3-34092,In3 Nd3 Pt2,8,-41.66654968261719,False,-41.66654968261719,-5.208318710327148
m3gnet,wbm-3-34093,In3 Nd3 Pt2,8,-41.11199951171875,False,-41.11199951171875,-5.138999938964844
m3gnet,wbm-3-34094,In3 Nd3 Re2,8,-49.04081726074219,False,-49.04081726074219,-6.130102157592773
m3gnet,wbm-3-34095,In3 Ir2 Nd1,6,-32.94507598876953,False,-32.94507598876953,-5.490845998128255
m3gnet,wbm-3-34096,In6 Nd2,8,-29.114503860473633,False,-29.114503860473633,-3.639312982559204
m3gnet,wbm-3-34097,In3 Os2 Th2,7,-47.46110153198242,False,-47.46110153198242,-6.780157361711774
m3gnet,wbm-3-34098,In3 Os2 Th3,8,-56.26350402832031,False,-56.26350402832031,-7.032938003540039
m3gnet,wbm-3-34099,In3 Os2 U3,8,-63.541893005371094,False,-63.541893005371094,-7.942736625671387
m3gnet,wbm-3-34100,In6 Os2 Pu4,12,-93.6272964477539,False,-93.6272964477539,-7.802274703979492
m3gnet,wbm-3-34101,In6 Os2 Th4,12,-71.47132110595703,False,-71.47132110595703,-5.955943425496419
m3gnet,wbm-3-34102,In6 Os2,8,-37.169036865234375,False,-37.169036865234375,-4.646129608154297
m3gnet,wbm-3-34103,Au2 In3 Pr2,7,-28.92227554321289,False,-28.92227554321289,-4.131753649030413
m3gnet,wbm-3-34104,In3 Ir2 Pr2,7,-39.52273178100586,False,-39.52273178100586,-5.6461045401436945
m3gnet,wbm-3-34105,In6 Ir2 Pr4,12,-59.58294677734375,False,-59.58294677734375,-4.9652455647786455
m3gnet,wbm-3-34106,In3 Os2 Pr2,7,-41.83345413208008,False,-41.83345413208008,-5.976207733154297
m3gnet,wbm-3-34107,In3 Pr2 Pt2,7,-35.70652770996094,False,-35.70652770996094,-5.100932529994419
m3gnet,wbm-3-34108,In6 Pr4,10,-40.521244049072266,False,-40.521244049072266,-4.052124404907227
m3gnet,wbm-3-34109,In3 Os2 Pr3,8,-47.53370666503906,False,-47.53370666503906,-5.941713333129883
m3gnet,wbm-3-34110,In3 Pr3 Pt2,8,-41.55937576293945,False,-41.55937576293945,-5.194921970367432
m3gnet,wbm-3-34111,In3 Pr3 Pt2,8,-41.0757942199707,False,-41.0757942199707,-5.134474277496338
m3gnet,wbm-3-34112,In3 Pr3 Re2,8,-48.98184585571289,False,-48.98184585571289,-6.122730731964111
m3gnet,wbm-3-34113,In3 Ir1 Pr1,5,-24.079851150512695,False,-24.079851150512695,-4.815970230102539
m3gnet,wbm-3-34114,In3 Pt2 Pu3,8,-63.84611129760742,False,-63.84611129760742,-7.980763912200928
m3gnet,wbm-3-34115,In3 Pt2 Pu1,6,-35.55615997314453,False,-35.55615997314453,-5.926026662190755
m3gnet,wbm-3-34116,In3 Pt2 Th2,7,-40.680484771728516,False,-40.680484771728516,-5.811497824532645
m3gnet,wbm-3-34117,In3 Pt2 Th3,8,-49.365013122558594,False,-49.365013122558594,-6.170626640319824
m3gnet,wbm-3-34118,In3 Pt2 Th3,8,-48.57426071166992,False,-48.57426071166992,-6.07178258895874
m3gnet,wbm-3-34119,In3 Pt2 Th1,6,-31.44948959350586,False,-31.44948959350586,-5.2415815989176435
m3gnet,wbm-3-34120,In3 Pt2 U3,8,-56.44576644897461,False,-56.44576644897461,-7.055720806121826
m3gnet,wbm-3-34121,In6 Pt2 Pu4,12,-88.89408874511719,False,-88.89408874511719,-7.407840728759766
m3gnet,wbm-3-34122,In6 Pt2 U4,12,-74.91127014160156,False,-74.91127014160156,-6.242605845133464
m3gnet,wbm-3-34123,In6 Pt2,8,-31.178844451904297,False,-31.178844451904297,-3.897355556488037
m3gnet,wbm-3-34124,In6 Pt2,8,-30.946741104125977,False,-30.946741104125977,-3.868342638015747
m3gnet,wbm-3-34125,In6 Pu2,8,-46.315940856933594,False,-46.315940856933594,-5.789492607116699
m3gnet,wbm-3-34126,In3 Re2 Th3,8,-55.88151931762695,False,-55.88151931762695,-6.985189914703369
m3gnet,wbm-3-34127,In3 Re2 Th3,8,-55.884613037109375,False,-55.884613037109375,-6.985576629638672
m3gnet,wbm-3-34128,Au2 In3 Sm2,7,-28.768877029418945,False,-28.768877029418945,-4.109839575631278
m3gnet,wbm-3-34129,In3 Ir2 Sm2,7,-39.53939437866211,False,-39.53939437866211,-5.6484849112374445
m3gnet,wbm-3-34130,In6 Ir2 Sm4,12,-59.29741668701172,False,-59.29741668701172,-4.94145139058431
m3gnet,wbm-3-34131,In3 Os2 Sm2,7,-41.800933837890625,False,-41.800933837890625,-5.971561976841518
m3gnet,wbm-3-34132,In6 Os2 Sm4,12,-61.45188522338867,False,-61.45188522338867,-5.12099043528239
m3gnet,wbm-3-34133,In3 Pt2 Sm2,7,-35.68673324584961,False,-35.68673324584961,-5.098104749407087
m3gnet,wbm-3-34134,In3 Os2 Sm3,8,-47.509544372558594,False,-47.509544372558594,-5.938693046569824
m3gnet,wbm-3-34135,In3 Pt2 Sm3,8,-41.660072326660156,False,-41.660072326660156,-5.2075090408325195
m3gnet,wbm-3-34136,In3 Pt2 Sm3,8,-41.046119689941406,False,-41.046119689941406,-5.130764961242676
m3gnet,wbm-3-34137,In3 Re2 Sm3,8,-48.979671478271484,False,-48.979671478271484,-6.1224589347839355
m3gnet,wbm-3-34138,In6 Sm2,8,-28.921659469604492,False,-28.921659469604492,-3.6152074337005615
m3gnet,wbm-3-34139,In6 Sn4,10,-32.36904525756836,False,-32.36904525756836,-3.236904525756836
m3gnet,wbm-3-34140,In3 Ir2 Ta3,8,-63.16144943237305,False,-63.16144943237305,-7.895181179046631
m3gnet,wbm-3-34141,In3 Pt2 Ta3,8,-58.135894775390625,False,-58.135894775390625,-7.266986846923828
m3gnet,wbm-3-34142,In6 Ta2,8,-39.06391143798828,False,-39.06391143798828,-4.882988929748535
m3gnet,wbm-3-34143,Au2 In3 Tb2,7,-28.528024673461914,False,-28.528024673461914,-4.075432096208845
m3gnet,wbm-3-34144,In3 Ir2 Tb2,7,-39.49246597290039,False,-39.49246597290039,-5.641780853271484
m3gnet,wbm-3-34145,In6 Ir2 Tb4,12,-58.91264343261719,False,-58.91264343261719,-4.909386952718099
m3gnet,wbm-3-34146,In3 Os2 Tb2,7,-41.65523910522461,False,-41.65523910522461,-5.950748443603516
m3gnet,wbm-3-34147,In6 Os2 Tb4,12,-60.960750579833984,False,-60.960750579833984,-5.080062548319499
m3gnet,wbm-3-34148,In3 Pt2 Tb2,7,-35.606998443603516,False,-35.606998443603516,-5.0867140633719305
m3gnet,wbm-3-34149,Au2 In3 Tb3,8,-34.45512008666992,False,-34.45512008666992,-4.30689001083374
m3gnet,wbm-3-34150,In3 Ir2 Tb3,8,-45.54262161254883,False,-45.54262161254883,-5.6928277015686035
m3gnet,wbm-3-34151,In3 Os2 Tb3,8,-47.61567687988281,False,-47.61567687988281,-5.951959609985352
m3gnet,wbm-3-34152,In3 Os2 Tb3,8,-47.33308029174805,False,-47.33308029174805,-5.916635036468506
m3gnet,wbm-3-34153,In3 Pt2 Tb3,8,-41.597373962402344,False,-41.597373962402344,-5.199671745300293
m3gnet,wbm-3-34154,In3 Pt2 Tb3,8,-40.90209197998047,False,-40.90209197998047,-5.112761497497559
m3gnet,wbm-3-34155,In3 Re2 Tb3,8,-48.786556243896484,False,-48.786556243896484,-6.0983195304870605
m3gnet,wbm-3-34156,Au2 In3 Tm2,7,-27.925390243530273,False,-27.925390243530273,-3.9893414633614674
m3gnet,wbm-3-34157,In3 Ir2 Tm2,7,-39.08289337158203,False,-39.08289337158203,-5.5832704816545755
m3gnet,wbm-3-34158,In6 Ir2 Tm4,12,-57.69063186645508,False,-57.69063186645508,-4.807552655537923
m3gnet,wbm-3-34159,In3 Os2 Tm2,7,-41.226478576660156,False,-41.226478576660156,-5.889496939522879
m3gnet,wbm-3-34160,In6 Os2 Tm4,12,-59.819190979003906,False,-59.819190979003906,-4.984932581583659
m3gnet,wbm-3-34161,In3 Pt2 Tm2,7,-35.1485595703125,False,-35.1485595703125,-5.021222795758929
m3gnet,wbm-3-34162,Au2 In3 Tm3,8,-33.79729461669922,False,-33.79729461669922,-4.224661827087402
m3gnet,wbm-3-34163,In3 Ir2 Tm3,8,-45.08766555786133,False,-45.08766555786133,-5.635958194732666
m3gnet,wbm-3-34164,In3 Os2 Tm3,8,-47.181819915771484,False,-47.181819915771484,-5.8977274894714355
m3gnet,wbm-3-34165,In3 Os2 Tm3,8,-46.54783248901367,False,-46.54783248901367,-5.818479061126709
m3gnet,wbm-3-34166,In3 Pt2 Tm3,8,-41.08458709716797,False,-41.08458709716797,-5.135573387145996
m3gnet,wbm-3-34167,In3 Pt2 Tm3,8,-40.20930862426758,False,-40.20930862426758,-5.026163578033447
m3gnet,wbm-3-34168,In3 Re2 Tm3,8,-47.933448791503906,False,-47.933448791503906,-5.991681098937988
m3gnet,wbm-3-34169,Au2 In3 Yb2,7,-22.411418914794922,False,-22.411418914794922,-3.2016312735421315
m3gnet,wbm-3-34170,In3 Ir2 Yb2,7,-32.61416244506836,False,-32.61416244506836,-4.6591660635811945
m3gnet,wbm-3-34171,In6 Ir2 Yb4,12,-45.846923828125,False,-45.846923828125,-3.8205769856770835
m3gnet,wbm-3-34172,In3 Os2 Yb2,7,-34.20043182373047,False,-34.20043182373047,-4.885775974818638
m3gnet,wbm-3-34173,In6 Os2 Yb4,12,-47.261474609375,False,-47.261474609375,-3.9384562174479165
m3gnet,wbm-3-34174,In3 Pt2 Yb2,7,-29.11559295654297,False,-29.11559295654297,-4.159370422363281
m3gnet,wbm-3-34175,In6 Pt2 Yb4,12,-42.756134033203125,False,-42.756134033203125,-3.5630111694335938
m3gnet,wbm-3-34176,In3 Os2 Yb3,8,-36.79365921020508,False,-36.79365921020508,-4.599207401275635
m3gnet,wbm-3-34177,In3 Pt2 Yb3,8,-31.882558822631836,False,-31.882558822631836,-3.9853198528289795
m3gnet,wbm-3-34178,In3 Pt2 Yb3,8,-31.347274780273438,False,-31.347274780273438,-3.9184093475341797
m3gnet,wbm-3-34179,In3 Re2 Yb3,8,-38.105690002441406,False,-38.105690002441406,-4.763211250305176
m3gnet,wbm-3-34180,In3 Yb1,4,-11.178983688354492,False,-11.178983688354492,-2.794745922088623
m3gnet,wbm-3-34181,Au3 In4,7,-22.46497917175293,False,-22.46497917175293,-3.2092827388218472
m3gnet,wbm-3-34182,Au2 In8 Th2,12,-47.03044509887695,False,-47.03044509887695,-3.919203758239746
m3gnet,wbm-3-34183,Ce2 In8 Pt2,12,-51.51811218261719,False,-51.51811218261719,-4.293176015218099
m3gnet,wbm-3-34184,Au2 Dy2 In8,12,-41.72865295410156,False,-41.72865295410156,-3.4773877461751304
m3gnet,wbm-3-34185,Dy2 In8 Os2,12,-55.240196228027344,False,-55.240196228027344,-4.603349685668945
m3gnet,wbm-3-34186,Dy2 In8 Pt2,12,-49.218711853027344,False,-49.218711853027344,-4.101559321085612
m3gnet,wbm-3-34187,Au2 Er2 In8,12,-41.56000518798828,False,-41.56000518798828,-3.46333376566569
m3gnet,wbm-3-34188,Er2 In8 Os2,12,-55.06116485595703,False,-55.06116485595703,-4.588430404663086
m3gnet,wbm-3-34189,Er2 In8 Pt2,12,-48.74656677246094,False,-48.74656677246094,-4.062213897705078
m3gnet,wbm-3-34190,Au2 Ho2 In8,12,-41.530975341796875,False,-41.530975341796875,-3.4609146118164062
m3gnet,wbm-3-34191,Ho2 In8 Os2,12,-55.070526123046875,False,-55.070526123046875,-4.589210510253906
m3gnet,wbm-3-34192,Ho2 In8 Pt2,12,-48.727195739746094,False,-48.727195739746094,-4.060599644978841
m3gnet,wbm-3-34193,Ho2 In8 Pt2,12,-49.04349899291992,False,-49.04349899291992,-4.086958249409993
m3gnet,wbm-3-34194,Au1 In4 Ir2,7,-32.961814880371094,False,-32.961814880371094,-4.708830697195871
m3gnet,wbm-3-34195,Au1 In4 Ir2,7,-32.961463928222656,False,-32.961463928222656,-4.708780561174665
m3gnet,wbm-3-34196,In8 Ir2 U2,12,-63.667728424072266,False,-63.667728424072266,-5.3056440353393555
m3gnet,wbm-3-34197,In8 Ir2 Lu2,12,-52.805721282958984,False,-52.805721282958984,-4.400476773579915
m3gnet,wbm-3-34198,In8 Lu2 Os2,12,-54.54981994628906,False,-54.54981994628906,-4.545818328857422
m3gnet,wbm-3-34199,In8 Lu2 Pt2,12,-48.552040100097656,False,-48.552040100097656,-4.046003341674805
m3gnet,wbm-3-34200,In8 Nd2 Pt2,12,-50.25862503051758,False,-50.25862503051758,-4.188218752543132
m3gnet,wbm-3-34201,In8 Os2 Th2,12,-60.826805114746094,False,-60.826805114746094,-5.068900426228841
m3gnet,wbm-3-34202,In8 Ir2 Pr2,12,-54.4274787902832,False,-54.4274787902832,-4.535623232523601
m3gnet,wbm-3-34203,In8 Pr2 Pt2,12,-50.349491119384766,False,-50.349491119384766,-4.195790926615397
m3gnet,wbm-3-34204,Au1 In4 Pt2,7,-29.34079360961914,False,-29.34079360961914,-4.1915419442313055
m3gnet,wbm-3-34205,Au1 In4 Pt2,7,-29.3408203125,False,-29.3408203125,-4.191545758928571
m3gnet,wbm-3-34206,In4 Pt3,7,-32.51485061645508,False,-32.51485061645508,-4.6449786594935825
m3gnet,wbm-3-34207,In4 Pt3,7,-32.515132904052734,False,-32.515132904052734,-4.645018986293247
m3gnet,wbm-3-34208,In8 Pt2 Th2,12,-54.2240104675293,False,-54.2240104675293,-4.518667538960774
m3gnet,wbm-3-34209,In8 Pt2 Th2,12,-54.56856155395508,False,-54.56856155395508,-4.547380129496257
m3gnet,wbm-3-34210,Au2 In8 Sm2,12,-42.70345687866211,False,-42.70345687866211,-3.558621406555176
m3gnet,wbm-3-34211,In8 Ir2 Sm2,12,-54.11335372924805,False,-54.11335372924805,-4.509446144104004
m3gnet,wbm-3-34212,In8 Pt2 Sm2,12,-49.96112060546875,False,-49.96112060546875,-4.1634267171223955
m3gnet,wbm-3-34213,Au2 In8 Tm2,12,-40.95184326171875,False,-40.95184326171875,-3.412653605143229
m3gnet,wbm-3-34214,In8 Os2 Tm2,12,-54.576988220214844,False,-54.576988220214844,-4.54808235168457
m3gnet,wbm-3-34215,In8 Pt2 Tm2,12,-48.23481750488281,False,-48.23481750488281,-4.019568125406901
m3gnet,wbm-3-34216,In8 Pt2 Tm2,12,-48.56804656982422,False,-48.56804656982422,-4.0473372141520185
m3gnet,wbm-3-34217,Au1 In5 Np1,7,-30.681007385253906,False,-30.681007385253906,-4.383001055036273
m3gnet,wbm-3-34218,Au1 In5 Pu1,7,-32.530479431152344,False,-32.530479431152344,-4.647211347307477
m3gnet,wbm-3-34219,Ba5 In5 Tl1,11,-30.29457664489746,False,-30.29457664489746,-2.7540524222634057
m3gnet,wbm-3-34220,Au1 Ba1 In5,7,-21.078367233276367,False,-21.078367233276367,-3.011195319039481
m3gnet,wbm-3-34221,Ba1 In5 Pt1,7,-24.550369262695312,False,-24.550369262695312,-3.507195608956473
m3gnet,wbm-3-34222,Au1 Ce1 In5,7,-25.177438735961914,False,-25.177438735961914,-3.5967769622802734
m3gnet,wbm-3-34223,Ce1 In5 Ir2,8,-39.92625045776367,False,-39.92625045776367,-4.990781307220459
m3gnet,wbm-3-34224,Au1 Dy1 In5,7,-23.850013732910156,False,-23.850013732910156,-3.4071448189871654
m3gnet,wbm-3-34225,Au1 Eu1 In5,7,-29.56740379333496,False,-29.56740379333496,-4.22391482761928
m3gnet,wbm-3-34226,Eu1 In5 Os1,7,-35.95732116699219,False,-35.95732116699219,-5.136760166713169
m3gnet,wbm-3-34227,Au1 Gd1 In5,7,-33.34951400756836,False,-33.34951400756836,-4.76421628679548
m3gnet,wbm-3-34228,Gd1 In5 Pt2,8,-44.090606689453125,False,-44.090606689453125,-5.511325836181641
m3gnet,wbm-3-34229,Hf1 In5 Pt1,7,-31.652624130249023,False,-31.652624130249023,-4.521803447178432
m3gnet,wbm-3-34230,Au1 Ho1 In5,7,-23.750486373901367,False,-23.750486373901367,-3.3929266248430525
m3gnet,wbm-3-34231,In5 Ir1 Pa1,7,-34.05791473388672,False,-34.05791473388672,-4.865416390555246
m3gnet,wbm-3-34232,In5 La1 Pt2,8,-35.446502685546875,False,-35.446502685546875,-4.430812835693359
m3gnet,wbm-3-34233,Au1 In5 Nd1,7,-24.394376754760742,False,-24.394376754760742,-3.4849109649658203
m3gnet,wbm-3-34234,In5 Nd1 Pt2,8,-35.104183197021484,False,-35.104183197021484,-4.3880228996276855
m3gnet,wbm-3-34235,In5 Np1 Os1,7,-37.601776123046875,False,-37.601776123046875,-5.371682303292411
m3gnet,wbm-3-34236,In5 Os1 Pu1,7,-39.0169792175293,False,-39.0169792175293,-5.573854173932757
m3gnet,wbm-3-34237,Au1 In5 Pr1,7,-24.420867919921875,False,-24.420867919921875,-3.4886954171316966
m3gnet,wbm-3-34238,In5 Pr1 Pt2,8,-35.166996002197266,False,-35.166996002197266,-4.395874500274658
m3gnet,wbm-3-34239,In5 Pt2 Th1,8,-37.34464645385742,False,-37.34464645385742,-4.668080806732178
m3gnet,wbm-3-34240,In5 Np1 Pt1,7,-34.42210006713867,False,-34.42210006713867,-4.917442866734096
m3gnet,wbm-3-34241,In5 Pt1 Pu1,7,-36.188777923583984,False,-36.188777923583984,-5.169825417654855
m3gnet,wbm-3-34242,In10 Pt2,12,-42.068641662597656,False,-42.068641662597656,-3.5057201385498047
m3gnet,wbm-3-34243,In5 Pt2 Sm1,8,-34.96821594238281,False,-34.96821594238281,-4.371026992797852
m3gnet,wbm-3-34244,In5 Ir1 Ta1,7,-34.161460876464844,False,-34.161460876464844,-4.880208696637835
m3gnet,wbm-3-34245,Au1 In5 Tb1,7,-23.96722412109375,False,-23.96722412109375,-3.42388916015625
m3gnet,wbm-3-34246,In5 Ir2 Tm4,11,-56.417518615722656,False,-56.417518615722656,-5.12886532870206
m3gnet,wbm-3-34247,In5 Os2 Tm4,11,-58.76029968261719,False,-58.76029968261719,-5.341845425692472
m3gnet,wbm-3-34248,In5 Pt2 Tm4,11,-52.289608001708984,False,-52.289608001708984,-4.75360072742809
m3gnet,wbm-3-34249,Au1 In5 Yb1,7,-20.70152473449707,False,-20.70152473449707,-2.9573606763567244
m3gnet,wbm-3-34250,In5 Pt2 Yb1,8,-31.654273986816406,False,-31.654273986816406,-3.956784248352051
m3gnet,wbm-3-34251,Dy1 In6 Ir4,11,-59.73782730102539,False,-59.73782730102539,-5.43071157282049
m3gnet,wbm-3-34252,Dy1 In6 Os4,11,-64.92330169677734,False,-64.92330169677734,-5.902118336070668
m3gnet,wbm-3-34253,Dy1 In6 Pt4,11,-51.7658805847168,False,-51.7658805847168,-4.705989144065163
m3gnet,wbm-3-34254,Eu1 In6,7,-28.354291915893555,False,-28.354291915893555,-4.050613130841937
m3gnet,wbm-3-34255,In6 Ir4 Th1,11,-62.707279205322266,False,-62.707279205322266,-5.700661745938388
m3gnet,wbm-3-34256,In6 Ir4 La1,11,-60.44340515136719,False,-60.44340515136719,-5.494855013760653
m3gnet,wbm-3-34257,In6 La1 Pt1,8,-30.560625076293945,False,-30.560625076293945,-3.820078134536743
m3gnet,wbm-3-34258,In6 Ir4 Nd1,11,-60.08135223388672,False,-60.08135223388672,-5.46194111217152
m3gnet,wbm-3-34259,In6 Nd1 Pt1,8,-30.30320167541504,False,-30.30320167541504,-3.78790020942688
m3gnet,wbm-3-34260,In6 Os4 Th1,11,-67.9144287109375,False,-67.9144287109375,-6.174038973721591
m3gnet,wbm-3-34261,In6 Os4 Th1,11,-67.91429901123047,False,-67.91429901123047,-6.174027182839134
m3gnet,wbm-3-34262,Au1 In6 Pr1,8,-26.644664764404297,False,-26.644664764404297,-3.330583095550537
m3gnet,wbm-3-34263,In6 Ir4 Pr1,11,-60.12092590332031,False,-60.12092590332031,-5.465538718483665
m3gnet,wbm-3-34264,In6 Ir1 Pr1,8,-32.43579864501953,False,-32.43579864501953,-4.054474830627441
m3gnet,wbm-3-34265,In6 Pr1 Pt1,8,-30.335384368896484,False,-30.335384368896484,-3.7919230461120605
m3gnet,wbm-3-34266,In6 Pt4 Th1,11,-54.49590301513672,False,-54.49590301513672,-4.954173001376065
m3gnet,wbm-3-34267,In6 Pt4 Th1,11,-54.49639129638672,False,-54.49639129638672,-4.95421739058061
m3gnet,wbm-3-34268,Bi2 In6 Pt1,9,-31.393695831298828,False,-31.393695831298828,-3.4881884256998696
m3gnet,wbm-3-34269,In6 Pt1 Th1,8,-32.284637451171875,False,-32.284637451171875,-4.035579681396484
m3gnet,wbm-3-34270,In6 Ir1 Sb2,9,-34.15100860595703,False,-34.15100860595703,-3.7945565117730036
m3gnet,wbm-3-34271,In6 Ir4 Yb1,11,-56.25542068481445,False,-56.25542068481445,-5.11412915316495
m3gnet,wbm-3-34272,In6 Pt1 Yb1,8,-26.8577880859375,False,-26.8577880859375,-3.3572235107421875
m3gnet,wbm-3-34273,Au2 In7 Yb3,12,-35.828250885009766,False,-35.828250885009766,-2.985687573750814
m3gnet,wbm-3-34274,Au2 Cs1 In9,12,-33.96867370605469,False,-33.96867370605469,-2.8307228088378906
m3gnet,wbm-3-34275,Cs1 In9 Ir2,12,-45.50298309326172,False,-45.50298309326172,-3.79191525777181
m3gnet,wbm-3-34276,Cs1 In9 Os2,12,-47.292198181152344,False,-47.292198181152344,-3.941016515096029
m3gnet,wbm-3-34277,Au4 In2 Np4,10,-69.35001373291016,False,-69.35001373291016,-6.935001373291016
m3gnet,wbm-3-34278,Au2 In1 Pb1,4,-13.21757698059082,False,-13.21757698059082,-3.304394245147705
m3gnet,wbm-3-34279,Au2 In1 Pu1,4,-25.195981979370117,False,-25.195981979370117,-6.298995494842529
m3gnet,wbm-3-34280,Au4 In2,6,-19.524953842163086,False,-19.524953842163086,-3.2541589736938477
m3gnet,wbm-3-34281,Au4 In1,5,-16.285419464111328,False,-16.285419464111328,-3.2570838928222656
m3gnet,wbm-3-34282,Au5 In1,6,-19.571802139282227,False,-19.571802139282227,-3.2619670232137046
m3gnet,wbm-3-34283,Au5 In1,6,-19.568525314331055,False,-19.568525314331055,-3.2614208857218423
m3gnet,wbm-3-34284,Ac2 Au1 In1,4,-16.38728904724121,False,-16.38728904724121,-4.096822261810303
m3gnet,wbm-3-34285,Au2 Bi2 In2,6,-20.560712814331055,False,-20.560712814331055,-3.426785469055176
m3gnet,wbm-3-34286,Au1 Hg1 In1,3,-6.715995788574219,False,-6.715995788574219,-2.2386652628580728
m3gnet,wbm-3-34287,Au4 In4 Np4,12,-75.19351196289062,False,-75.19351196289062,-6.266125996907552
m3gnet,wbm-3-34288,Au1 In1 Np1,3,-18.69874382019043,False,-18.69874382019043,-6.2329146067301435
m3gnet,wbm-3-34289,Au3 In3 Pb3,9,-29.58409881591797,False,-29.58409881591797,-3.2871220906575522
m3gnet,wbm-3-34290,Au2 In2 Pu2,6,-41.390968322753906,False,-41.390968322753906,-6.898494720458984
m3gnet,wbm-3-34291,Au2 In2 Th2,6,-30.576576232910156,False,-30.576576232910156,-5.096096038818359
m3gnet,wbm-3-34292,Au4 In4 Th4,12,-61.30116271972656,False,-61.30116271972656,-5.10843022664388
m3gnet,wbm-3-34293,Au4 In4 U4,12,-70.45067596435547,False,-70.45067596435547,-5.870889663696289
m3gnet,wbm-3-34294,Au2 In2,4,-12.97811508178711,False,-12.97811508178711,-3.2445287704467773
m3gnet,wbm-3-34295,Au4 In4,8,-26.10904312133789,False,-26.10904312133789,-3.2636303901672363
m3gnet,wbm-3-34296,Au4 Ba4 In2,10,-33.08595275878906,False,-33.08595275878906,-3.3085952758789063
m3gnet,wbm-3-34297,Ba2 Hg1 In1,4,-8.74692440032959,False,-8.74692440032959,-2.1867311000823975
m3gnet,wbm-3-34298,Ba4 In2 Ir4,10,-50.22041320800781,False,-50.22041320800781,-5.022041320800781
m3gnet,wbm-3-34299,Ba4 In2 Os4,10,-53.60913848876953,False,-53.60913848876953,-5.360913848876953
m3gnet,wbm-3-34300,Ba4 In2 Pt4,10,-45.08134078979492,False,-45.08134078979492,-4.508134078979492
m3gnet,wbm-3-34301,Au4 Ba2 In2,8,-27.477758407592773,False,-27.477758407592773,-3.4347198009490967
m3gnet,wbm-3-34302,Au2 Ba2 In2,6,-19.622892379760742,False,-19.622892379760742,-3.270482063293457
m3gnet,wbm-3-34303,Au3 Ba3 In3,9,-29.596385955810547,False,-29.596385955810547,-3.288487328423394
m3gnet,wbm-3-34304,Au4 Ba4 In4,12,-38.70063781738281,False,-38.70063781738281,-3.225053151448568
m3gnet,wbm-3-34305,Ba4 Ce4 In4,12,-44.0994873046875,False,-44.0994873046875,-3.674957275390625
m3gnet,wbm-3-34306,Ba2 In2 Ir4,8,-46.06855392456055,False,-46.06855392456055,-5.758569240570068
m3gnet,wbm-3-34307,Ba4 In4 Ir4,12,-57.61354064941406,False,-57.61354064941406,-4.801128387451172
m3gnet,wbm-3-34308,Ba4 In4 Pb4,12,-38.83149719238281,False,-38.83149719238281,-3.2359580993652344
m3gnet,wbm-3-34309,Ba2 In2 Pt4,8,-39.54451370239258,False,-39.54451370239258,-4.943064212799072
m3gnet,wbm-3-34310,Ba1 In1 Pt4,6,-32.22697067260742,False,-32.22697067260742,-5.371161778767903
m3gnet,wbm-3-34311,Ba1 In1 Tl2,4,-10.651202201843262,False,-10.651202201843262,-2.6628005504608154
m3gnet,wbm-3-34312,Ba4 In4,8,-21.72635269165039,False,-21.72635269165039,-2.715794086456299
m3gnet,wbm-3-34313,Bi4 In2,6,-20.799453735351562,False,-20.799453735351562,-3.4665756225585938
m3gnet,wbm-3-34314,Ce4 In2 Pt4,10,-62.42498779296875,False,-62.42498779296875,-6.242498779296875
m3gnet,wbm-3-34315,Ce2 In1,3,-15.217741012573242,False,-15.217741012573242,-5.072580337524414
m3gnet,wbm-3-34316,Au4 Ce2 In2,8,-34.66090393066406,False,-34.66090393066406,-4.332612991333008
m3gnet,wbm-3-34317,Ce4 In4 Ir4,12,-77.9108657836914,False,-77.9108657836914,-6.49257214864095
m3gnet,wbm-3-34318,Ce1 In1 Pt2,4,-24.39973258972168,False,-24.39973258972168,-6.09993314743042
m3gnet,wbm-3-34319,Ce1 In1,2,-9.45257568359375,False,-9.45257568359375,-4.726287841796875
m3gnet,wbm-3-34320,Ce4 In4,8,-37.000457763671875,False,-37.000457763671875,-4.625057220458984
m3gnet,wbm-3-34321,Ce2 In2,4,-18.70893096923828,False,-18.70893096923828,-4.67723274230957
m3gnet,wbm-3-34322,Cs4 Hg2 In2,8,-11.123775482177734,False,-11.123775482177734,-1.3904719352722168
m3gnet,wbm-3-34323,Cs4 In2 Pt6,12,-47.500022888183594,False,-47.500022888183594,-3.9583352406819663
m3gnet,wbm-3-34324,Bi2 Cs2 In2,6,-16.694072723388672,False,-16.694072723388672,-2.782345453898112
m3gnet,wbm-3-34325,Dy2 Hg1 In1,4,-14.105764389038086,False,-14.105764389038086,-3.5264410972595215
m3gnet,wbm-3-34326,Dy4 In2 Os4,10,-71.20914459228516,False,-71.20914459228516,-7.120914459228516
m3gnet,wbm-3-34327,Dy4 In2 Pt4,10,-58.97228240966797,False,-58.97228240966797,-5.897228240966797
m3gnet,wbm-3-34328,Dy2 In1,3,-12.93294906616211,False,-12.93294906616211,-4.310983022054036
m3gnet,wbm-3-34329,Dy6 In2,8,-35.205867767333984,False,-35.205867767333984,-4.400733470916748
m3gnet,wbm-3-34330,Au4 Dy2 In2,8,-32.709312438964844,False,-32.709312438964844,-4.0886640548706055
m3gnet,wbm-3-34331,Au4 Dy4 In4,12,-51.195411682128906,False,-51.195411682128906,-4.266284306844075
m3gnet,wbm-3-34332,Dy1 In1 Ir2,4,-27.04002571105957,False,-27.04002571105957,-6.760006427764893
m3gnet,wbm-3-34333,Dy2 In2 Ir4,8,-54.86351776123047,False,-54.86351776123047,-6.857939720153809
m3gnet,wbm-3-34334,Dy4 In4 Ir4,12,-73.09370422363281,False,-73.09370422363281,-6.091142018636067
m3gnet,wbm-3-34335,Dy2 In2 Os4,8,-61.32754135131836,False,-61.32754135131836,-7.665942668914795
m3gnet,wbm-3-34336,Dy4 In4 Os4,12,-77.04292297363281,False,-77.04292297363281,-6.420243581136067
m3gnet,wbm-3-34337,Dy4 In4 Pt4,12,-64.64679718017578,False,-64.64679718017578,-5.3872330983479815
m3gnet,wbm-3-34338,Dy4 In4 Pt4,12,-65.4257583618164,False,-65.4257583618164,-5.452146530151367
m3gnet,wbm-3-34339,Dy2 In2,4,-16.32107925415039,False,-16.32107925415039,-4.080269813537598
m3gnet,wbm-3-34340,Dy1 In1,2,-8.23930549621582,False,-8.23930549621582,-4.11965274810791
m3gnet,wbm-3-34341,Dy4 In4,8,-32.724464416503906,False,-32.724464416503906,-4.090558052062988
m3gnet,wbm-3-34342,Dy2 In2,4,-16.5258846282959,False,-16.5258846282959,-4.131471157073975
m3gnet,wbm-3-34343,Er2 Hg1 In1,4,-13.982504844665527,False,-13.982504844665527,-3.495626211166382
m3gnet,wbm-3-34344,Er4 In2 Os4,10,-71.4338150024414,False,-71.4338150024414,-7.143381500244141
m3gnet,wbm-3-34345,Er4 In2 Pt4,10,-58.834434509277344,False,-58.834434509277344,-5.883443450927734
m3gnet,wbm-3-34346,Er2 In1,3,-12.767850875854492,False,-12.767850875854492,-4.255950291951497
m3gnet,wbm-3-34347,Er6 In2,8,-34.8681526184082,False,-34.8681526184082,-4.358519077301025
m3gnet,wbm-3-34348,Au4 Er2 In2,8,-32.59299087524414,False,-32.59299087524414,-4.074123859405518
m3gnet,wbm-3-34349,Au4 Er4 In4,12,-50.952457427978516,False,-50.952457427978516,-4.24603811899821
m3gnet,wbm-3-34350,Er3 Hg3 In3,9,-26.387218475341797,False,-26.387218475341797,-2.9319131639268665
m3gnet,wbm-3-34351,Er1 In1 Ir2,4,-27.310344696044922,False,-27.310344696044922,-6.8275861740112305
m3gnet,wbm-3-34352,Er2 In2 Ir4,8,-54.87348175048828,False,-54.87348175048828,-6.859185218811035
m3gnet,wbm-3-34353,Er4 In4 Ir4,12,-73.02127075195312,False,-73.02127075195312,-6.085105895996094
m3gnet,wbm-3-34354,Er2 In2 Os4,8,-59.46550369262695,False,-59.46550369262695,-7.433187961578369
m3gnet,wbm-3-34355,Er4 In4 Os4,12,-76.89968872070312,False,-76.89968872070312,-6.408307393391927
m3gnet,wbm-3-34356,Er4 In4 Pt4,12,-64.4367904663086,False,-64.4367904663086,-5.36973253885905
m3gnet,wbm-3-34357,Er4 In4 Pt4,12,-65.31843566894531,False,-65.31843566894531,-5.443202972412109
m3gnet,wbm-3-34358,Er2 In2,4,-16.206893920898438,False,-16.206893920898438,-4.051723480224609
m3gnet,wbm-3-34359,Er1 In1,2,-8.185837745666504,False,-8.185837745666504,-4.092918872833252
m3gnet,wbm-3-34360,Er4 In4,8,-32.468265533447266,False,-32.468265533447266,-4.058533191680908
m3gnet,wbm-3-34361,Er2 In2,4,-16.390676498413086,False,-16.390676498413086,-4.0976691246032715
m3gnet,wbm-3-34362,Eu2 In1 Pb1,4,-28.984899520874023,False,-28.984899520874023,-7.246224880218506
m3gnet,wbm-3-34363,Eu2 In1 Pt2,5,-39.817955017089844,False,-39.817955017089844,-7.963591003417969
m3gnet,wbm-3-34364,Eu2 In1 Tl1,4,-27.377437591552734,False,-27.377437591552734,-6.844359397888184
m3gnet,wbm-3-34365,Eu2 In1,3,-24.037517547607422,False,-24.037517547607422,-8.012505849202475
m3gnet,wbm-3-34366,Eu2 In1,3,-24.054706573486328,False,-24.054706573486328,-8.018235524495443
m3gnet,wbm-3-34367,Au4 Eu2 In2,8,-44.30897521972656,False,-44.30897521972656,-5.53862190246582
m3gnet,wbm-3-34368,Au2 Eu2 In2,6,-36.63792037963867,False,-36.63792037963867,-6.106320063273112
m3gnet,wbm-3-34369,Au1 Eu1 In1,3,-18.170425415039062,False,-18.170425415039062,-6.0568084716796875
m3gnet,wbm-3-34370,Eu4 In4 Ir4,12,-93.33612060546875,False,-93.33612060546875,-7.7780100504557295
m3gnet,wbm-3-34371,Eu4 In4 Os4,12,-96.4745101928711,False,-96.4745101928711,-8.039542516072592
m3gnet,wbm-3-34372,Eu1 In1 Tl2,4,-18.841623306274414,False,-18.841623306274414,-4.7104058265686035
m3gnet,wbm-3-34373,Eu4 In4,8,-55.30038070678711,False,-55.30038070678711,-6.912547588348389
m3gnet,wbm-3-34374,Eu2 In2,4,-27.799264907836914,False,-27.799264907836914,-6.9498162269592285
m3gnet,wbm-3-34375,Gd2 In1 Pt2,5,-48.499916076660156,False,-48.499916076660156,-9.699983215332031
m3gnet,wbm-3-34376,Gd2 In1,3,-31.976499557495117,False,-31.976499557495117,-10.658833185831705
m3gnet,wbm-3-34377,Gd2 In1,3,-31.976486206054688,False,-31.976486206054688,-10.658828735351562
m3gnet,wbm-3-34378,Au4 Gd2 In2,8,-52.071022033691406,False,-52.071022033691406,-6.508877754211426
m3gnet,wbm-3-34379,Au4 Gd4 In4,12,-88.7060317993164,False,-88.7060317993164,-7.3921693166097
m3gnet,wbm-3-34380,Gd1 In1 Ir2,4,-36.091373443603516,False,-36.091373443603516,-9.022843360900879
m3gnet,wbm-3-34381,Gd2 In2 Ir4,8,-73.1756591796875,False,-73.1756591796875,-9.146957397460938
m3gnet,wbm-3-34382,Gd2 In2 Pt4,8,-64.64036560058594,False,-64.64036560058594,-8.080045700073242
m3gnet,wbm-3-34383,Gd4 In4,8,-70.80982971191406,False,-70.80982971191406,-8.851228713989258
m3gnet,wbm-3-34384,Gd2 In2,4,-35.408775329589844,False,-35.408775329589844,-8.852193832397461
m3gnet,wbm-3-34385,Au4 Hf4 In2,10,-63.495277404785156,False,-63.495277404785156,-6.349527740478516
m3gnet,wbm-3-34386,Hf2 Hg1 In1,4,-23.46040916442871,False,-23.46040916442871,-5.865102291107178
m3gnet,wbm-3-34387,Hf2 Hg1 In1,4,-23.411998748779297,False,-23.411998748779297,-5.852999687194824
m3gnet,wbm-3-34388,Hf4 In2 Ir4,10,-88.3313980102539,False,-88.3313980102539,-8.833139801025391
m3gnet,wbm-3-34389,Hf4 In2 Os4,10,-94.90866088867188,False,-94.90866088867188,-9.490866088867188
m3gnet,wbm-3-34390,Hf4 In2 Pt4,10,-78.27218627929688,False,-78.27218627929688,-7.827218627929687
m3gnet,wbm-3-34391,Bi2 Hf6 In1,9,-70.48066711425781,False,-70.48066711425781,-7.831185234917535
m3gnet,wbm-3-34392,Au2 Hf1 In1,4,-20.903465270996094,False,-20.903465270996094,-5.225866317749023
m3gnet,wbm-3-34393,Au2 Hf2 In2,6,-33.865081787109375,False,-33.865081787109375,-5.6441802978515625
m3gnet,wbm-3-34394,Hf2 In2 Ir2,6,-45.895233154296875,False,-45.895233154296875,-7.6492055257161455
m3gnet,wbm-3-34395,Hf1 In1 Os2,4,-35.77895736694336,False,-35.77895736694336,-8.94473934173584
m3gnet,wbm-3-34396,Hf1 In1 Pt2,4,-28.38554573059082,False,-28.38554573059082,-7.096386432647705
m3gnet,wbm-3-34397,Hf2 In2 Pt2,6,-41.38496398925781,False,-41.38496398925781,-6.897493998209636
m3gnet,wbm-3-34398,Hg2 In1 Pb1,4,-6.849098205566406,False,-6.849098205566406,-1.7122745513916016
m3gnet,wbm-3-34399,Hg1 In1 Pu2,4,-29.99248504638672,False,-29.99248504638672,-7.49812126159668
m3gnet,wbm-3-34400,Hg1 In1 Th2,4,-19.0196590423584,False,-19.0196590423584,-4.7549147605896
m3gnet,wbm-3-34401,Hg1 In1 Th2,4,-18.999256134033203,False,-18.999256134033203,-4.749814033508301
m3gnet,wbm-3-34402,Hg2 In2 Th2,6,-23.04532241821289,False,-23.04532241821289,-3.8408870697021484
m3gnet,wbm-3-34403,Hg1 In1 U2,4,-24.94477081298828,False,-24.94477081298828,-6.23619270324707
m3gnet,wbm-3-34404,Hg1 In1,2,-3.007422685623169,False,-3.007422685623169,-1.5037113428115845
m3gnet,wbm-3-34405,Hg1 Ho2 In1,4,-14.041272163391113,False,-14.041272163391113,-3.5103180408477783
m3gnet,wbm-3-34406,Ho4 In2 Os4,10,-71.20184326171875,False,-71.20184326171875,-7.120184326171875
m3gnet,wbm-3-34407,Ho4 In2 Pt4,10,-58.91771697998047,False,-58.91771697998047,-5.891771697998047
m3gnet,wbm-3-34408,Ho2 In1,3,-12.861175537109375,False,-12.861175537109375,-4.287058512369792
m3gnet,wbm-3-34409,Au4 Ho4 In4,12,-51.04806900024414,False,-51.04806900024414,-4.254005750020345
m3gnet,wbm-3-34410,Ho1 In1 Ir2,4,-27.087369918823242,False,-27.087369918823242,-6.7718424797058105
m3gnet,wbm-3-34411,Ho4 In4 Ir4,12,-73.01368713378906,False,-73.01368713378906,-6.084473927815755
m3gnet,wbm-3-34412,Ho4 In4 Os4,12,-76.93091583251953,False,-76.93091583251953,-6.410909652709961
m3gnet,wbm-3-34413,Ho2 In2 Pt2,6,-32.26475143432617,False,-32.26475143432617,-5.377458572387695
m3gnet,wbm-3-34414,Ho4 In4 Pt4,12,-64.5389404296875,False,-64.5389404296875,-5.378245035807292
m3gnet,wbm-3-34415,Ho4 In4 Pt4,12,-65.32508850097656,False,-65.32508850097656,-5.44375737508138
m3gnet,wbm-3-34416,Ho4 In4 Pt4,12,-64.5390853881836,False,-64.5390853881836,-5.378257115681966
m3gnet,wbm-3-34417,Ho2 In2,4,-16.226350784301758,False,-16.226350784301758,-4.0565876960754395
m3gnet,wbm-3-34418,Ho1 In1,2,-8.198436737060547,False,-8.198436737060547,-4.099218368530273
m3gnet,wbm-3-34419,Ho4 In4,8,-32.55202865600586,False,-32.55202865600586,-4.069003582000732
m3gnet,wbm-3-34420,Ho2 In2,4,-16.437786102294922,False,-16.437786102294922,-4.1094465255737305
m3gnet,wbm-3-34421,Eu2 I2 In1,5,-31.909521102905273,False,-31.909521102905273,-6.381904220581054
m3gnet,wbm-3-34422,Gd2 I2 In1,5,-38.80833435058594,False,-38.80833435058594,-7.761666870117187
m3gnet,wbm-3-34423,I2 In1 La2,5,-20.93016815185547,False,-20.93016815185547,-4.186033630371094
m3gnet,wbm-3-34424,I2 In1 Nd2,5,-20.230052947998047,False,-20.230052947998047,-4.046010589599609
m3gnet,wbm-3-34425,I2 In1 Os5,8,-55.13844299316406,False,-55.13844299316406,-6.892305374145508
m3gnet,wbm-3-34426,I2 In1 Pr2,5,-20.3701229095459,False,-20.3701229095459,-4.07402458190918
m3gnet,wbm-3-34427,I2 In1 Sm2,5,-19.941110610961914,False,-19.941110610961914,-3.988222122192383
m3gnet,wbm-3-34428,I2 In1 Tb2,5,-19.59566307067871,False,-19.59566307067871,-3.919132614135742
m3gnet,wbm-3-34429,I2 In1 Tm2,5,-18.9963321685791,False,-18.9963321685791,-3.7992664337158204
m3gnet,wbm-3-34430,I2 In1,3,-7.255098342895508,False,-7.255098342895508,-2.4183661142985025
m3gnet,wbm-3-34431,Ba2 I6 In2,10,-30.643056869506836,False,-30.643056869506836,-3.0643056869506835
m3gnet,wbm-3-34432,Dy2 I6 In2,10,-33.45705032348633,False,-33.45705032348633,-3.345705032348633
m3gnet,wbm-3-34433,Er2 I6 In2,10,-33.21082305908203,False,-33.21082305908203,-3.3210823059082033
m3gnet,wbm-3-34434,I6 In2 Nd2,10,-34.26632308959961,False,-34.26632308959961,-3.426632308959961
m3gnet,wbm-3-34435,I6 In2 Pr2,10,-34.53975296020508,False,-34.53975296020508,-3.453975296020508
m3gnet,wbm-3-34436,I6 In2 Tb2,10,-33.66855239868164,False,-33.66855239868164,-3.366855239868164
m3gnet,wbm-3-34437,I6 In2 Tm2,10,-32.83481979370117,False,-32.83481979370117,-3.283481979370117
m3gnet,wbm-3-34438,I6 In2 U2,10,-42.93788528442383,False,-42.93788528442383,-4.2937885284423825
m3gnet,wbm-3-34439,I6 In2,8,-18.11362648010254,False,-18.11362648010254,-2.2642033100128174
m3gnet,wbm-3-34440,I4 In1 Yb1,6,-16.886781692504883,False,-16.886781692504883,-2.8144636154174805
m3gnet,wbm-3-34441,Eu2 I2 In2,6,-34.987117767333984,False,-34.987117767333984,-5.831186294555664
m3gnet,wbm-3-34442,Gd2 I2 In2,6,-41.40631103515625,False,-41.40631103515625,-6.901051839192708
m3gnet,wbm-3-34443,I2 In2 La2,6,-24.358295440673828,False,-24.358295440673828,-4.059715906778972
m3gnet,wbm-3-34444,I2 In2 Np2,6,-35.94892120361328,False,-35.94892120361328,-5.99148686726888
m3gnet,wbm-3-34445,I2 In2 Pu2,6,-40.37327194213867,False,-40.37327194213867,-6.728878657023112
m3gnet,wbm-3-34446,Ac1 In1 Ir2,4,-25.271286010742188,False,-25.271286010742188,-6.317821502685547
m3gnet,wbm-3-34447,In2 Ir4 Np4,10,-94.71214294433594,False,-94.71214294433594,-9.471214294433594
m3gnet,wbm-3-34448,In2 Ir4 Np2,8,-68.8307876586914,False,-68.8307876586914,-8.603848457336426
m3gnet,wbm-3-34449,In2 Ir4 Pa4,10,-84.78239440917969,False,-84.78239440917969,-8.478239440917969
m3gnet,wbm-3-34450,In1 Ir2 Pu1,4,-34.02605438232422,False,-34.02605438232422,-8.506513595581055
m3gnet,wbm-3-34451,In1 Ir2 Th1,4,-30.067523956298828,False,-30.067523956298828,-7.516880989074707
m3gnet,wbm-3-34452,In3 Ir9,12,-87.04206848144531,False,-87.04206848144531,-7.253505706787109
m3gnet,wbm-3-34453,In1 Ir5,6,-47.08613204956055,False,-47.08613204956055,-7.847688674926758
m3gnet,wbm-3-34454,In1 Ir7,8,-64.81620025634766,False,-64.81620025634766,-8.102025032043457
m3gnet,wbm-3-34455,In2 Ir2 Np2,6,-50.14542770385742,False,-50.14542770385742,-8.357571283976236
m3gnet,wbm-3-34456,In4 Ir4 Np4,12,-100.4132308959961,False,-100.4132308959961,-8.367769241333008
m3gnet,wbm-3-34457,In3 Ir3 Pa3,9,-67.66191101074219,False,-67.66191101074219,-7.5179901123046875
m3gnet,wbm-3-34458,In2 Ir2 Th2,6,-42.3338737487793,False,-42.3338737487793,-7.05564562479655
m3gnet,wbm-3-34459,In4 Ir4 Th4,12,-84.3532485961914,False,-84.3532485961914,-7.02943738301595
m3gnet,wbm-3-34460,In3 Ir3 Tl3,9,-39.96907424926758,False,-39.96907424926758,-4.44100824991862
m3gnet,wbm-3-34461,In4 Ir4 U4,12,-94.8299789428711,False,-94.8299789428711,-7.902498245239258
m3gnet,wbm-3-34462,In4 Ir4 U4,12,-94.83009338378906,False,-94.83009338378906,-7.902507781982422
m3gnet,wbm-3-34463,In2 Ir2,4,-23.062332153320312,False,-23.062332153320312,-5.765583038330078
m3gnet,wbm-3-34464,In2 Ir2,4,-23.204221725463867,False,-23.204221725463867,-5.801055431365967
m3gnet,wbm-3-34465,I2 In2 Tb2,6,-22.919776916503906,False,-22.919776916503906,-3.819962819417318
m3gnet,wbm-3-34466,I2 In2 U2,6,-32.016361236572266,False,-32.016361236572266,-5.336060206095378
m3gnet,wbm-3-34467,I2 In2 Yb2,6,-17.551105499267578,False,-17.551105499267578,-2.9251842498779297
m3gnet,wbm-3-34468,Hg1 In1 La2,4,-14.86205005645752,False,-14.86205005645752,-3.71551251411438
m3gnet,wbm-3-34469,In2 La4 Pt4,10,-59.68280029296875,False,-59.68280029296875,-5.968280029296875
m3gnet,wbm-3-34470,In1 La2,3,-13.725103378295898,False,-13.725103378295898,-4.575034459431966
m3gnet,wbm-3-34471,Au2 In2 La2,6,-26.245328903198242,False,-26.245328903198242,-4.374221483866374
m3gnet,wbm-3-34472,Au1 In1 La1,3,-13.086165428161621,False,-13.086165428161621,-4.36205514272054
m3gnet,wbm-3-34473,Au4 In4 La4,12,-52.65419387817383,False,-52.65419387817383,-4.387849489847819
m3gnet,wbm-3-34474,Hg3 In3 La3,9,-28.188987731933594,False,-28.188987731933594,-3.1321097479926214
m3gnet,wbm-3-34475,Hg4 In4 La4,12,-38.27703094482422,False,-38.27703094482422,-3.1897525787353516
m3gnet,wbm-3-34476,In4 Ir4 La4,12,-73.85653686523438,False,-73.85653686523438,-6.154711405436198
m3gnet,wbm-3-34477,In4 La4 Pt4,12,-65.72598266601562,False,-65.72598266601562,-5.477165222167969
m3gnet,wbm-3-34478,In1 La1,2,-8.67725944519043,False,-8.67725944519043,-4.338629722595215
m3gnet,wbm-3-34479,In4 La4,8,-34.28174591064453,False,-34.28174591064453,-4.285218238830566
m3gnet,wbm-3-34480,In2 La2,4,-17.379058837890625,False,-17.379058837890625,-4.344764709472656
m3gnet,wbm-3-34481,In2 Lu4 Pt4,10,-58.74121856689453,False,-58.74121856689453,-5.874121856689453
m3gnet,wbm-3-34482,In1 Lu2,3,-12.65315055847168,False,-12.65315055847168,-4.2177168528238935
m3gnet,wbm-3-34483,Hg3 In3 Lu3,9,-25.765172958374023,False,-25.765172958374023,-2.8627969953748913
m3gnet,wbm-3-34484,In1 Ir2 Lu1,4,-27.39431381225586,False,-27.39431381225586,-6.848578453063965
m3gnet,wbm-3-34485,In4 Ir4 Lu4,12,-72.81295013427734,False,-72.81295013427734,-6.067745844523112
m3gnet,wbm-3-34486,In2 Lu2 Os4,8,-59.510902404785156,False,-59.510902404785156,-7.4388628005981445
m3gnet,wbm-3-34487,In1 Lu1 Pt1,3,-16.074764251708984,False,-16.074764251708984,-5.358254750569661
m3gnet,wbm-3-34488,In2 Lu2,4,-15.866910934448242,False,-15.866910934448242,-3.9667277336120605
m3gnet,wbm-3-34489,In1 Lu1,2,-8.029571533203125,False,-8.029571533203125,-4.0147857666015625
m3gnet,wbm-3-34490,In2 Lu2,4,-16.089561462402344,False,-16.089561462402344,-4.022390365600586
m3gnet,wbm-3-34491,In2 Nd4 Pt4,10,-58.880428314208984,False,-58.880428314208984,-5.888042831420899
m3gnet,wbm-3-34492,In1 Nd2 Pt2,5,-29.47072982788086,False,-29.47072982788086,-5.894145965576172
m3gnet,wbm-3-34493,In1 Nd2,3,-13.37082290649414,False,-13.37082290649414,-4.45694096883138
m3gnet,wbm-3-34494,In2 Nd6,8,-36.338714599609375,False,-36.338714599609375,-4.542339324951172
m3gnet,wbm-3-34495,Au2 In2 Nd2,6,-25.811790466308594,False,-25.811790466308594,-4.301965077718099
m3gnet,wbm-3-34496,Hg3 In3 Nd3,9,-27.521392822265625,False,-27.521392822265625,-3.0579325358072915
m3gnet,wbm-3-34497,In4 Ir4 Nd4,12,-72.98314666748047,False,-72.98314666748047,-6.081928888956706
m3gnet,wbm-3-34498,In4 Nd4 Os4,12,-77.18682098388672,False,-77.18682098388672,-6.43223508199056
m3gnet,wbm-3-34499,In2 Nd2 Pt4,8,-46.061431884765625,False,-46.061431884765625,-5.757678985595703
m3gnet,wbm-3-34500,In4 Nd4 Pt4,12,-64.91338348388672,False,-64.91338348388672,-5.409448623657227
m3gnet,wbm-3-34501,In4 Nd4 Pt4,12,-65.58972930908203,False,-65.58972930908203,-5.465810775756836
m3gnet,wbm-3-34502,In2 Nd2,4,-16.847169876098633,False,-16.847169876098633,-4.211792469024658
m3gnet,wbm-3-34503,In1 Nd1,2,-8.487582206726074,False,-8.487582206726074,-4.243791103363037
m3gnet,wbm-3-34504,In4 Nd4,8,-33.64073181152344,False,-33.64073181152344,-4.20509147644043
m3gnet,wbm-3-34505,In2 Nd2,4,-17.000152587890625,False,-17.000152587890625,-4.250038146972656
m3gnet,wbm-3-34506,In1 Np2,3,-28.542224884033203,False,-28.542224884033203,-9.5140749613444
m3gnet,wbm-3-34507,In4 Np4,8,-60.25334548950195,False,-60.25334548950195,-7.531668186187744
m3gnet,wbm-3-34508,In2 Np2,4,-31.23881721496582,False,-31.23881721496582,-7.809704303741455
m3gnet,wbm-3-34509,In2 Np4 Os4,10,-100.73533630371094,False,-100.73533630371094,-10.073533630371093
m3gnet,wbm-3-34510,In2 Os4 Th2,8,-65.82637786865234,False,-65.82637786865234,-8.228297233581543
m3gnet,wbm-3-34511,In2 Os4 U4,10,-95.98621368408203,False,-95.98621368408203,-9.598621368408203
m3gnet,wbm-3-34512,In2 Np2 Os2,6,-52.75039291381836,False,-52.75039291381836,-8.79173215230306
m3gnet,wbm-3-34513,In2 Os2 Th2,6,-44.14543151855469,False,-44.14543151855469,-7.357571919759114
m3gnet,wbm-3-34514,In4 Os4 Th4,12,-89.29653930664062,False,-89.29653930664062,-7.441378275553386
m3gnet,wbm-3-34515,In4 Os4 U4,12,-100.68184661865234,False,-100.68184661865234,-8.390153884887695
m3gnet,wbm-3-34516,In4 Os4,8,-50.52034378051758,False,-50.52034378051758,-6.315042972564697
m3gnet,wbm-3-34517,In2 Pb2,4,-12.916499137878418,False,-12.916499137878418,-3.2291247844696045
m3gnet,wbm-3-34518,In4 Pb4,8,-25.668807983398438,False,-25.668807983398438,-3.2086009979248047
m3gnet,wbm-3-34519,In2 Pr4 Pt4,10,-58.76388931274414,False,-58.76388931274414,-5.876388931274414
m3gnet,wbm-3-34520,In1 Pr2,3,-13.373523712158203,False,-13.373523712158203,-4.457841237386067
m3gnet,wbm-3-34521,In2 Pr6,8,-36.355220794677734,False,-36.355220794677734,-4.544402599334717
m3gnet,wbm-3-34522,Au2 In2 Pr2,6,-25.83953857421875,False,-25.83953857421875,-4.306589762369792
m3gnet,wbm-3-34523,Au4 In4 Pr4,12,-51.8541145324707,False,-51.8541145324707,-4.321176211039226
m3gnet,wbm-3-34524,Hg3 In3 Pr3,9,-27.58340072631836,False,-27.58340072631836,-3.064822302924262
m3gnet,wbm-3-34525,In4 Ir4 Pr4,12,-72.88990783691406,False,-72.88990783691406,-6.074158986409505
m3gnet,wbm-3-34526,In4 Os4 Pr4,12,-77.10765075683594,False,-77.10765075683594,-6.425637563069661
m3gnet,wbm-3-34527,In2 Pr2 Pt4,8,-46.05088424682617,False,-46.05088424682617,-5.7563605308532715
m3gnet,wbm-3-34528,In4 Pr4 Pt4,12,-64.85513305664062,False,-64.85513305664062,-5.404594421386719
m3gnet,wbm-3-34529,In4 Pr4 Pt4,12,-65.50049591064453,False,-65.50049591064453,-5.458374659220378
m3gnet,wbm-3-34530,In1 Pr1,2,-8.483711242675781,False,-8.483711242675781,-4.241855621337891
m3gnet,wbm-3-34531,In4 Pr4,8,-33.61224365234375,False,-33.61224365234375,-4.201530456542969
m3gnet,wbm-3-34532,In2 Pr2,4,-16.986495971679688,False,-16.986495971679688,-4.246623992919922
m3gnet,wbm-3-34533,Bi1 In1 Pt2,4,-19.655113220214844,False,-19.655113220214844,-4.913778305053711
m3gnet,wbm-3-34534,In2 Np2 Pt4,8,-57.84457778930664,False,-57.84457778930664,-7.23057222366333
m3gnet,wbm-3-34535,In2 Pa4 Pt4,10,-74.28269958496094,False,-74.28269958496094,-7.428269958496093
m3gnet,wbm-3-34536,In2 Pa2 Pt4,8,-55.04955291748047,False,-55.04955291748047,-6.881194114685059
m3gnet,wbm-3-34537,In1 Pb1 Pt2,4,-19.378610610961914,False,-19.378610610961914,-4.8446526527404785
m3gnet,wbm-3-34538,In1 Pb1 Pt2,4,-19.3785400390625,False,-19.3785400390625,-4.844635009765625
m3gnet,wbm-3-34539,In2 Pt4 Pu4,10,-87.67874908447266,False,-87.67874908447266,-8.767874908447265
m3gnet,wbm-3-34540,In1 Pt2 Pu1,4,-28.784013748168945,False,-28.784013748168945,-7.196003437042236
m3gnet,wbm-3-34541,In2 Pt4 Pu2,8,-57.94793701171875,False,-57.94793701171875,-7.243492126464844
m3gnet,wbm-3-34542,In2 Pt4 Th4,10,-68.53045654296875,False,-68.53045654296875,-6.853045654296875
m3gnet,wbm-3-34543,In1 Pt2 Tl1,4,-17.639835357666016,False,-17.639835357666016,-4.409958839416504
m3gnet,wbm-3-34544,In2 Pt4 U4,10,-79.29558563232422,False,-79.29558563232422,-7.929558563232422
m3gnet,wbm-3-34545,In2 Pt4 U2,8,-56.25562286376953,False,-56.25562286376953,-7.031952857971191
m3gnet,wbm-3-34546,In2 Pt6,8,-44.88329315185547,False,-44.88329315185547,-5.610411643981934
m3gnet,wbm-3-34547,In2 Pt6,8,-44.872398376464844,False,-44.872398376464844,-5.6090497970581055
m3gnet,wbm-3-34548,In1 Pt5,6,-34.67302322387695,False,-34.67302322387695,-5.778837203979492
m3gnet,wbm-3-34549,Ac2 In1 Pt1,4,-19.607969284057617,False,-19.607969284057617,-4.901992321014404
m3gnet,wbm-3-34550,In2 Np2 Pt2,6,-44.84275817871094,False,-44.84275817871094,-7.473793029785156
m3gnet,wbm-3-34551,In3 Pa3 Pt3,9,-60.693965911865234,False,-60.693965911865234,-6.743773990207249
m3gnet,wbm-3-34552,In3 Pb3 Pt3,9,-39.49073791503906,False,-39.49073791503906,-4.387859768337673
m3gnet,wbm-3-34553,In1 Pb1 Pt1,3,-13.376248359680176,False,-13.376248359680176,-4.458749453226726
m3gnet,wbm-3-34554,In2 Pt2 Th2,6,-37.75135803222656,False,-37.75135803222656,-6.291893005371094
m3gnet,wbm-3-34555,In1 Pt1 Th1,3,-18.77149772644043,False,-18.77149772644043,-6.257165908813477
m3gnet,wbm-3-34556,In4 Pt4 Th4,12,-75.82678985595703,False,-75.82678985595703,-6.318899154663086
m3gnet,wbm-3-34557,In4 Pt4 U4,12,-84.97019958496094,False,-84.97019958496094,-7.080849965413411
m3gnet,wbm-3-34558,In1 Pu2,3,-30.09920883178711,False,-30.09920883178711,-10.033069610595703
m3gnet,wbm-3-34559,In4 Re8,12,-104.94105529785156,False,-104.94105529785156,-8.74508794148763
m3gnet,wbm-3-34560,Au2 In2 Sb4,8,-28.590576171875,False,-28.590576171875,-3.573822021484375
m3gnet,wbm-3-34561,Cs6 In2 Sb4,12,-32.71858215332031,False,-32.71858215332031,-2.726548512776693
m3gnet,wbm-3-34562,Hf6 In1 Sb2,9,-73.17245483398438,False,-73.17245483398438,-8.130272759331596
m3gnet,wbm-3-34563,In1 Sb2 Sm6,9,-44.99728012084961,False,-44.99728012084961,-4.999697791205512
m3gnet,wbm-3-34564,In4 Sb8,12,-43.27652359008789,False,-43.27652359008789,-3.6063769658406577
m3gnet,wbm-3-34565,Gd2 In1 Sb3,6,-47.879188537597656,False,-47.879188537597656,-7.979864756266276
m3gnet,wbm-3-34566,Au1 In1 Sb1,3,-10.466026306152344,False,-10.466026306152344,-3.4886754353841147
m3gnet,wbm-3-34567,Er2 In2 Sb2,6,-26.94251823425293,False,-26.94251823425293,-4.490419705708821
m3gnet,wbm-3-34568,Gd2 In2 Sb2,6,-46.34177017211914,False,-46.34177017211914,-7.7236283620198565
m3gnet,wbm-3-34569,Hf2 In2 Sb2,6,-35.4295654296875,False,-35.4295654296875,-5.904927571614583
m3gnet,wbm-3-34570,Ho2 In2 Sb2,6,-27.09211540222168,False,-27.09211540222168,-4.515352567036946
m3gnet,wbm-3-34571,In2 Lu2 Sb2,6,-26.607267379760742,False,-26.607267379760742,-4.434544563293457
m3gnet,wbm-3-34572,In2 Nd2 Sb2,6,-27.88888168334961,False,-27.88888168334961,-4.648146947224935
m3gnet,wbm-3-34573,In2 Pr2 Sb2,6,-27.888668060302734,False,-27.888668060302734,-4.648111343383789
m3gnet,wbm-3-34574,In4 Pt4 Sb4,12,-56.135902404785156,False,-56.135902404785156,-4.67799186706543
m3gnet,wbm-3-34575,In2 Sb2 Sm2,6,-27.727649688720703,False,-27.727649688720703,-4.621274948120117
m3gnet,wbm-3-34576,In6 Sb6,12,-40.01734161376953,False,-40.01734161376953,-3.3347784678141275
m3gnet,wbm-3-34577,In2 Os4 Sm4,10,-71.03154754638672,False,-71.03154754638672,-7.1031547546386715
m3gnet,wbm-3-34578,In2 Pt4 Sm4,10,-58.924476623535156,False,-58.924476623535156,-5.892447662353516
m3gnet,wbm-3-34579,In1 Sm2,3,-13.202075958251953,False,-13.202075958251953,-4.400691986083984
m3gnet,wbm-3-34580,Au2 In2 Sm2,6,-25.731040954589844,False,-25.731040954589844,-4.288506825764974
m3gnet,wbm-3-34581,Au2 In2 Sm2,6,-25.74447250366211,False,-25.74447250366211,-4.2907454172770185
m3gnet,wbm-3-34582,Au4 In4 Sm4,12,-51.640316009521484,False,-51.640316009521484,-4.303359667460124
m3gnet,wbm-3-34583,In4 Ir4 Sm4,12,-73.14057159423828,False,-73.14057159423828,-6.09504763285319
m3gnet,wbm-3-34584,In4 Os4 Sm4,12,-77.2560043334961,False,-77.2560043334961,-6.438000361124675
m3gnet,wbm-3-34585,In4 Pt4 Sm4,12,-64.8736343383789,False,-64.8736343383789,-5.406136194864909
m3gnet,wbm-3-34586,In4 Pt4 Sm4,12,-65.56735229492188,False,-65.56735229492188,-5.463946024576823
m3gnet,wbm-3-34587,In2 Sm2,4,-16.716964721679688,False,-16.716964721679688,-4.179241180419922
m3gnet,wbm-3-34588,In1 Sm1,2,-8.412042617797852,False,-8.412042617797852,-4.206021308898926
m3gnet,wbm-3-34589,In4 Sm4,8,-33.38935470581055,False,-33.38935470581055,-4.173669338226318
m3gnet,wbm-3-34590,In2 Sm2,4,-16.86581802368164,False,-16.86581802368164,-4.21645450592041
m3gnet,wbm-3-34591,Ba4 In2 Sn4,10,-35.1508674621582,False,-35.1508674621582,-3.5150867462158204
m3gnet,wbm-3-34592,Eu4 In2 Sn4,10,-68.67646789550781,False,-68.67646789550781,-6.867646789550781
m3gnet,wbm-3-34593,Eu2 In2 Sn4,8,-45.60786056518555,False,-45.60786056518555,-5.700982570648193
m3gnet,wbm-3-34594,In2 Ir2 Sn4,8,-40.5993766784668,False,-40.5993766784668,-5.07492208480835
m3gnet,wbm-3-34595,In2 Sn6,8,-29.23166847229004,False,-29.23166847229004,-3.653958559036255
m3gnet,wbm-3-34596,In1 Ir4 Sn6,11,-65.01119995117188,False,-65.01119995117188,-5.910109086470171
m3gnet,wbm-3-34597,In1 Pt4 Sn6,11,-56.434226989746094,False,-56.434226989746094,-5.1303842717951
m3gnet,wbm-3-34598,Au2 In2 Sn2,6,-20.16119956970215,False,-20.16119956970215,-3.3601999282836914
m3gnet,wbm-3-34599,Hg2 In1 Sn1,4,-7.031932353973389,False,-7.031932353973389,-1.7579830884933472
m3gnet,wbm-3-34600,In2 Pt4 Sn2,8,-41.698604583740234,False,-41.698604583740234,-5.212325572967529
m3gnet,wbm-3-34601,In2 Pt4 Sn2,8,-42.17744827270508,False,-42.17744827270508,-5.272181034088135
m3gnet,wbm-3-34602,In2 Pu2 Sn2,6,-43.37201690673828,False,-43.37201690673828,-7.22866948445638
m3gnet,wbm-3-34603,In1 Sn1 Te2,4,-13.459978103637695,False,-13.459978103637695,-3.364994525909424
m3gnet,wbm-3-34604,Au3 In3 Ta3,9,-53.39308166503906,False,-53.39308166503906,-5.932564629448785
m3gnet,wbm-3-34605,In1 Ir1 Ta1,3,-23.97735595703125,False,-23.97735595703125,-7.992451985677083
m3gnet,wbm-3-34606,In1 Ta1,2,-14.136894226074219,False,-14.136894226074219,-7.068447113037109
m3gnet,wbm-3-34607,In4 Ta4,8,-55.99460220336914,False,-55.99460220336914,-6.999325275421143
m3gnet,wbm-3-34608,Hg1 In1 Tb2,4,-14.181293487548828,False,-14.181293487548828,-3.545323371887207
m3gnet,wbm-3-34609,In2 Os4 Tb4,10,-71.29287719726562,False,-71.29287719726562,-7.1292877197265625
m3gnet,wbm-3-34610,In2 Pt4 Tb4,10,-58.992767333984375,False,-58.992767333984375,-5.8992767333984375
m3gnet,wbm-3-34611,In1 Tb2,3,-12.923436164855957,False,-12.923436164855957,-4.307812054951985
m3gnet,wbm-3-34612,In2 Tb6,8,-35.279151916503906,False,-35.279151916503906,-4.409893989562988
m3gnet,wbm-3-34613,Au4 In4 Tb4,12,-51.30194091796875,False,-51.30194091796875,-4.2751617431640625
m3gnet,wbm-3-34614,Hg3 In3 Tb3,9,-26.832256317138672,False,-26.832256317138672,-2.981361813015408
m3gnet,wbm-3-34615,In4 Ir4 Tb4,12,-73.19661712646484,False,-73.19661712646484,-6.09971809387207
m3gnet,wbm-3-34616,In3 Os3 Tb3,9,-57.82631301879883,False,-57.82631301879883,-6.425145890977648
m3gnet,wbm-3-34617,In4 Os4 Tb4,12,-77.0972671508789,False,-77.0972671508789,-6.424772262573242
m3gnet,wbm-3-34618,In4 Pt4 Tb4,12,-64.7221908569336,False,-64.7221908569336,-5.393515904744466
m3gnet,wbm-3-34619,In4 Pt4 Tb4,12,-65.53056335449219,False,-65.53056335449219,-5.460880279541016
m3gnet,wbm-3-34620,In2 Tb2,4,-16.433929443359375,False,-16.433929443359375,-4.108482360839844
m3gnet,wbm-3-34621,In1 Tb1,2,-8.317985534667969,False,-8.317985534667969,-4.158992767333984
m3gnet,wbm-3-34622,In4 Tb4,8,-32.92361831665039,False,-32.92361831665039,-4.115452289581299
m3gnet,wbm-3-34623,In2 Tb2,4,-16.635915756225586,False,-16.635915756225586,-4.1589789390563965
m3gnet,wbm-3-34624,Ce1 In1 Te2,4,-18.488590240478516,False,-18.488590240478516,-4.622147560119629
m3gnet,wbm-3-34625,Cs1 In1 Te2,4,-12.572183609008789,False,-12.572183609008789,-3.1430459022521973
m3gnet,wbm-3-34626,Cs2 In2 Te4,8,-25.141115188598633,False,-25.141115188598633,-3.142639398574829
m3gnet,wbm-3-34627,Dy1 In1 Te2,4,-17.242280960083008,False,-17.242280960083008,-4.310570240020752
m3gnet,wbm-3-34628,Er1 In1 Te2,4,-17.16887664794922,False,-17.16887664794922,-4.292219161987305
m3gnet,wbm-3-34629,Gd1 In1 Te2,4,-26.83806610107422,False,-26.83806610107422,-6.709516525268555
m3gnet,wbm-3-34630,Ho1 In1 Te2,4,-17.19281005859375,False,-17.19281005859375,-4.2982025146484375
m3gnet,wbm-3-34631,In1 Nd1 Te2,4,-17.537670135498047,False,-17.537670135498047,-4.384417533874512
m3gnet,wbm-3-34632,In1 Pr1 Te2,4,-17.577072143554688,False,-17.577072143554688,-4.394268035888672
m3gnet,wbm-3-34633,In1 Pu1 Te2,4,-25.859689712524414,False,-25.859689712524414,-6.4649224281311035
m3gnet,wbm-3-34634,In1 Sm1 Te2,4,-17.43633460998535,False,-17.43633460998535,-4.359083652496338
m3gnet,wbm-3-34635,In1 Tb1 Te2,4,-17.311269760131836,False,-17.311269760131836,-4.327817440032959
m3gnet,wbm-3-34636,In1 Te2 Th1,4,-19.550195693969727,False,-19.550195693969727,-4.887548923492432
m3gnet,wbm-3-34637,In1 Te2 Tm1,4,-16.98859405517578,False,-16.98859405517578,-4.247148513793945
m3gnet,wbm-3-34638,In1 Te2 Yb1,4,-14.216314315795898,False,-14.216314315795898,-3.5540785789489746
m3gnet,wbm-3-34639,Au2 Ba2 In2 Te6,12,-43.83184814453125,False,-43.83184814453125,-3.652654012044271
m3gnet,wbm-3-34640,Cs2 Hg2 In2 Te6,12,-32.65293502807617,False,-32.65293502807617,-2.7210779190063477
m3gnet,wbm-3-34641,In2 Te6,8,-25.332069396972656,False,-25.332069396972656,-3.166508674621582
m3gnet,wbm-3-34642,Au5 In1 Te1,7,-22.53605842590332,False,-22.53605842590332,-3.219436917986189
m3gnet,wbm-3-34643,Dy2 In2 Te2,6,-26.77058219909668,False,-26.77058219909668,-4.461763699849446
m3gnet,wbm-3-34644,Er2 In2 Te2,6,-26.37939453125,False,-26.37939453125,-4.396565755208333
m3gnet,wbm-3-34645,Eu2 In2 Te2,6,-38.49918746948242,False,-38.49918746948242,-6.416531244913737
m3gnet,wbm-3-34646,Gd2 In2 Te2,6,-45.92161560058594,False,-45.92161560058594,-7.653602600097656
m3gnet,wbm-3-34647,Ho2 In2 Te2,6,-26.574438095092773,False,-26.574438095092773,-4.429073015848796
m3gnet,wbm-3-34648,In1 Ir5 Te1,7,-48.82064437866211,False,-48.82064437866211,-6.974377768380301
m3gnet,wbm-3-34649,In2 La2 Te2,6,-28.14960479736328,False,-28.14960479736328,-4.691600799560547
m3gnet,wbm-3-34650,In2 Nd2 Te2,6,-27.501731872558594,False,-27.501731872558594,-4.583621978759766
m3gnet,wbm-3-34651,In2 Pr2 Te2,6,-27.536231994628906,False,-27.536231994628906,-4.589371999104817
m3gnet,wbm-3-34652,In1 Pt5 Te1,7,-37.93149948120117,False,-37.93149948120117,-5.418785640171596
m3gnet,wbm-3-34653,In4 Pt4 Te4,12,-53.67363739013672,False,-53.67363739013672,-4.472803115844727
m3gnet,wbm-3-34654,In2 Sm2 Te2,6,-27.316116333007812,False,-27.316116333007812,-4.552686055501302
m3gnet,wbm-3-34655,In2 Tb2 Te2,6,-26.89354705810547,False,-26.89354705810547,-4.482257843017578
m3gnet,wbm-3-34656,In2 Te2 Th2,6,-31.9241886138916,False,-31.9241886138916,-5.320698102315267
m3gnet,wbm-3-34657,In2 Te2 Tm2,6,-25.991289138793945,False,-25.991289138793945,-4.331881523132324
m3gnet,wbm-3-34658,In2 Te2 Yb2,6,-20.927570343017578,False,-20.927570343017578,-3.4879283905029297
m3gnet,wbm-3-34659,In1 Th2,3,-18.16720199584961,False,-18.16720199584961,-6.055733998616536
m3gnet,wbm-3-34660,In2 Th6,8,-51.29087829589844,False,-51.29087829589844,-6.411359786987305
m3gnet,wbm-3-34661,In1 Th1,2,-10.782374382019043,False,-10.782374382019043,-5.3911871910095215
m3gnet,wbm-3-34662,In4 Th4,8,-42.7281608581543,False,-42.7281608581543,-5.341020107269287
m3gnet,wbm-3-34663,In4 Tl8,12,-29.51333999633789,False,-29.51333999633789,-2.459444999694824
m3gnet,wbm-3-34664,Hg1 In1 Tm2,4,-13.790605545043945,False,-13.790605545043945,-3.4476513862609863
m3gnet,wbm-3-34665,In2 Os4 Tm4,10,-70.956298828125,False,-70.956298828125,-7.0956298828125
m3gnet,wbm-3-34666,In2 Pt4 Tm4,10,-58.518184661865234,False,-58.518184661865234,-5.851818466186524
m3gnet,wbm-3-34667,In1 Tm2,3,-12.635339736938477,False,-12.635339736938477,-4.211779912312825
m3gnet,wbm-3-34668,In2 Tm6,8,-34.481346130371094,False,-34.481346130371094,-4.310168266296387
m3gnet,wbm-3-34669,Au4 In4 Tm4,12,-50.5103874206543,False,-50.5103874206543,-4.209198951721191
m3gnet,wbm-3-34670,Hg2 In2 Tm2,6,-17.566246032714844,False,-17.566246032714844,-2.9277076721191406
m3gnet,wbm-3-34671,In4 Ir4 Tm4,12,-72.60586547851562,False,-72.60586547851562,-6.050488789876302
m3gnet,wbm-3-34672,In4 Os4 Tm4,12,-76.45533752441406,False,-76.45533752441406,-6.371278127034505
m3gnet,wbm-3-34673,In4 Pt4 Tm4,12,-64.01449584960938,False,-64.01449584960938,-5.334541320800781
m3gnet,wbm-3-34674,In4 Pt4 Tm4,12,-64.83147430419922,False,-64.83147430419922,-5.4026228586832685
m3gnet,wbm-3-34675,In2 Tm2,4,-15.862875938415527,False,-15.862875938415527,-3.965718984603882
m3gnet,wbm-3-34676,In1 Tm1,2,-8.04848575592041,False,-8.04848575592041,-4.024242877960205
m3gnet,wbm-3-34677,In4 Tm4,8,-31.942955017089844,False,-31.942955017089844,-3.9928693771362305
m3gnet,wbm-3-34678,In2 Tm2,4,-16.130949020385742,False,-16.130949020385742,-4.0327372550964355
m3gnet,wbm-3-34679,In1 U2,3,-24.96030044555664,False,-24.96030044555664,-8.32010014851888
m3gnet,wbm-3-34680,In1 U1,2,-13.671829223632812,False,-13.671829223632812,-6.835914611816406
m3gnet,wbm-3-34681,In4 U4,8,-53.299652099609375,False,-53.299652099609375,-6.662456512451172
m3gnet,wbm-3-34682,In2 U2,4,-27.520402908325195,False,-27.520402908325195,-6.880100727081299
m3gnet,wbm-3-34686,Hg1 In1 Yb2,4,-8.385594367980957,False,-8.385594367980957,-2.0963985919952393
m3gnet,wbm-3-34687,In2 Pt4 Yb4,10,-45.933937072753906,False,-45.933937072753906,-4.593393707275391
m3gnet,wbm-3-34688,In1 Yb2,3,-6.933319091796875,False,-6.933319091796875,-2.3111063639322915
m3gnet,wbm-3-34689,In2 Yb6,8,-16.750232696533203,False,-16.750232696533203,-2.0937790870666504
m3gnet,wbm-3-34690,Au4 In2 Yb2,8,-27.35303497314453,False,-27.35303497314453,-3.4191293716430664
m3gnet,wbm-3-34691,Au1 In1 Yb1,3,-9.680975914001465,False,-9.680975914001465,-3.2269919713338218
m3gnet,wbm-3-34692,Hg3 In3 Yb3,9,-18.299474716186523,False,-18.299474716186523,-2.0332749684651694
m3gnet,wbm-3-34693,In4 Os4 Yb4,12,-61.05549240112305,False,-61.05549240112305,-5.087957700093587
m3gnet,wbm-3-34694,In1 Pt4 Yb1,6,-32.97649383544922,False,-32.97649383544922,-5.496082305908203
m3gnet,wbm-3-34695,In4 Pt4 Yb4,12,-52.101680755615234,False,-52.101680755615234,-4.341806729634603
m3gnet,wbm-3-34696,In1 Yb1,2,-5.262759208679199,False,-5.262759208679199,-2.6313796043395996
m3gnet,wbm-3-34697,In4 Yb4,8,-20.819931030273438,False,-20.819931030273438,-2.6024913787841797
m3gnet,wbm-3-34698,Au1 Ir2 Pb4,7,-34.68804168701172,False,-34.68804168701172,-4.95543452671596
m3gnet,wbm-3-34699,Au1 Ir2 Pb4,7,-34.68832015991211,False,-34.68832015991211,-4.955474308558872
m3gnet,wbm-3-34700,Bi1 Ir2 Np1,4,-34.10490036010742,False,-34.10490036010742,-8.526225090026855
m3gnet,wbm-3-34701,Hg2 Ir4 Th4,10,-73.84159088134766,False,-73.84159088134766,-7.384159088134766
m3gnet,wbm-3-34702,Hg4 Ir8,12,-66.33985900878906,False,-66.33985900878906,-5.528321584065755
m3gnet,wbm-3-34703,Ir8 Np4,12,-125.50704193115234,False,-125.50704193115234,-10.458920160929361
m3gnet,wbm-3-34704,Ir4 Np4 Pb2,10,-96.69244384765625,False,-96.69244384765625,-9.669244384765625
m3gnet,wbm-3-34705,Ir2 Np1 Pb1,4,-34.392578125,False,-34.392578125,-8.59814453125
m3gnet,wbm-3-34706,Ir4 Pb2 Pu4,10,-97.21074676513672,False,-97.21074676513672,-9.721074676513672
m3gnet,wbm-3-34707,Ir2 Pb1 Pu1,4,-33.39887619018555,False,-33.39887619018555,-8.349719047546387
m3gnet,wbm-3-34708,Ir4 Pb2 U4,10,-90.91191101074219,False,-90.91191101074219,-9.09119110107422
m3gnet,wbm-3-34709,Ir2 Th1 U1,4,-38.874019622802734,False,-38.874019622802734,-9.718504905700684
m3gnet,wbm-3-34710,Ir4 Np4 Tl2,10,-93.76010131835938,False,-93.76010131835938,-9.376010131835937
m3gnet,wbm-3-34711,Ir4 Pu4 Tl2,10,-93.50537109375,False,-93.50537109375,-9.350537109375
m3gnet,wbm-3-34712,Ir4 Th4 Tl2,10,-77.7658920288086,False,-77.7658920288086,-7.776589202880859
m3gnet,wbm-3-34713,Ir4 Tl2 U4,10,-88.3794937133789,False,-88.3794937133789,-8.83794937133789
m3gnet,wbm-3-34714,Ir2 Pu1 U1,4,-44.317256927490234,False,-44.317256927490234,-11.079314231872559
m3gnet,wbm-3-34715,Ac2 Ir6,8,-63.954952239990234,False,-63.954952239990234,-7.994369029998779
m3gnet,wbm-3-34716,Ir6 Np2,8,-81.90672302246094,False,-81.90672302246094,-10.238340377807617
m3gnet,wbm-3-34717,Ir9 Pa3,12,-115.7821044921875,False,-115.7821044921875,-9.648508707682291
m3gnet,wbm-3-34718,Ir3 Pt2 Th1,6,-49.56535720825195,False,-49.56535720825195,-8.260892868041992
m3gnet,wbm-3-34719,Ir4 Pb6 Th1,11,-65.17383575439453,False,-65.17383575439453,-5.924894159490412
m3gnet,wbm-3-34720,Ac1 Ir5,6,-49.82643508911133,False,-49.82643508911133,-8.30440584818522
m3gnet,wbm-3-34721,Bi2 Ir10,12,-93.45735168457031,False,-93.45735168457031,-7.788112640380859
m3gnet,wbm-3-34722,Ir5 Np1,6,-58.82609939575195,False,-58.82609939575195,-9.804349899291992
m3gnet,wbm-3-34723,Ir5 Pu1,6,-58.80375671386719,False,-58.80375671386719,-9.800626118977865
m3gnet,wbm-3-34724,Bi1 Ir7,8,-64.52592468261719,False,-64.52592468261719,-8.065740585327148
m3gnet,wbm-3-34725,Ir7 Np1,8,-76.60954284667969,False,-76.60954284667969,-9.576192855834961
m3gnet,wbm-3-34726,Ir7 Pu1,8,-77.00462341308594,False,-77.00462341308594,-9.625577926635742
m3gnet,wbm-3-34727,Ir8 U1,9,-85.50508117675781,False,-85.50508117675781,-9.500564575195312
m3gnet,wbm-3-34728,Ac1 Ir1,2,-13.886676788330078,False,-13.886676788330078,-6.943338394165039
m3gnet,wbm-3-34729,Au1 Ir1 Pu2,4,-41.438087463378906,False,-41.438087463378906,-10.359521865844727
m3gnet,wbm-3-34730,Au1 Ir1 Th2,4,-30.010141372680664,False,-30.010141372680664,-7.502535343170166
m3gnet,wbm-3-34731,Bi2 Ir1 Pu6,9,-103.94847869873047,False,-103.94847869873047,-11.549830966525608
m3gnet,wbm-3-34732,Bi2 Ir1 Th6,9,-65.8932113647461,False,-65.8932113647461,-7.321467929416233
m3gnet,wbm-3-34733,Bi2 Ir1 U6,9,-84.41645050048828,False,-84.41645050048828,-9.379605611165365
m3gnet,wbm-3-34734,Bi1 Ir1 Np1,3,-26.0058536529541,False,-26.0058536529541,-8.668617884318033
m3gnet,wbm-3-34735,Bi1 Ir1 Pu1,3,-26.93425178527832,False,-26.93425178527832,-8.978083928426107
m3gnet,wbm-3-34736,Bi1 Ir1 Th1,3,-22.404338836669922,False,-22.404338836669922,-7.468112945556641
m3gnet,wbm-3-34737,Bi1 Ir1 U1,3,-24.58864974975586,False,-24.58864974975586,-8.196216583251953
m3gnet,wbm-3-34738,Hg2 Ir2,4,-15.755962371826172,False,-15.755962371826172,-3.938990592956543
m3gnet,wbm-3-34739,Ir1 Np2,3,-34.746212005615234,False,-34.746212005615234,-11.582070668538412
m3gnet,wbm-3-34740,Ir2 Np4,6,-70.37603759765625,False,-70.37603759765625,-11.729339599609375
m3gnet,wbm-3-34741,Ir1 Np2,3,-35.11464309692383,False,-35.11464309692383,-11.704881032307943
m3gnet,wbm-3-34742,Ir2 Np4,6,-70.37596893310547,False,-70.37596893310547,-11.729328155517578
m3gnet,wbm-3-34743,Ir4 Np8,12,-140.2572784423828,False,-140.2572784423828,-11.688106536865234
m3gnet,wbm-3-34744,Ir4 Np4,8,-88.68766021728516,False,-88.68766021728516,-11.085957527160645
m3gnet,wbm-3-34745,Ir2 Pa2,4,-39.400299072265625,False,-39.400299072265625,-9.850074768066406
m3gnet,wbm-3-34746,Ir2 Pb4 Pu2,8,-58.22712326049805,False,-58.22712326049805,-7.278390407562256
m3gnet,wbm-3-34747,Ir2 Pb8,10,-46.89393997192383,False,-46.89393997192383,-4.689393997192383
m3gnet,wbm-3-34748,Ac2 Ir1 Pb1,4,-22.159282684326172,False,-22.159282684326172,-5.539820671081543
m3gnet,wbm-3-34749,Ir3 Pb3 Pu3,9,-77.40618896484375,False,-77.40618896484375,-8.600687662760416
m3gnet,wbm-3-34750,Ir2 Pb2 Th2,6,-43.57621765136719,False,-43.57621765136719,-7.262702941894531
m3gnet,wbm-3-34751,Ir3 Pb3 Th3,9,-64.38912963867188,False,-64.38912963867188,-7.154347737630208
m3gnet,wbm-3-34752,Ir1 Pb1 Th1,3,-21.71095085144043,False,-21.71095085144043,-7.23698361714681
m3gnet,wbm-3-34753,Ir4 Pb4 Th4,12,-85.88912963867188,False,-85.88912963867188,-7.157427469889323
m3gnet,wbm-3-34754,Ir3 Pb3 U3,9,-71.9013442993164,False,-71.9013442993164,-7.989038255479601
m3gnet,wbm-3-34755,Ir2 Pb2,4,-23.507129669189453,False,-23.507129669189453,-5.876782417297363
m3gnet,wbm-3-34756,Ir1 Pt1 Th2,4,-33.771244049072266,False,-33.771244049072266,-8.442811012268066
m3gnet,wbm-3-34757,Ir2 Pt2,4,-29.72256088256836,False,-29.72256088256836,-7.43064022064209
m3gnet,wbm-3-34758,Ir2 Pu4,6,-76.00739288330078,False,-76.00739288330078,-12.667898813883463
m3gnet,wbm-3-34759,Ir2 Pu4,6,-77.26795959472656,False,-77.26795959472656,-12.87799326578776
m3gnet,wbm-3-34760,Ir4 Pu4,8,-90.61458587646484,False,-90.61458587646484,-11.326823234558105
m3gnet,wbm-3-34761,Ir2 Th4,6,-51.61237335205078,False,-51.61237335205078,-8.602062225341797
m3gnet,wbm-3-34762,Ir4 Th8,12,-103.44731140136719,False,-103.44731140136719,-8.620609283447266
m3gnet,wbm-3-34763,Ir2 Th2,4,-36.177207946777344,False,-36.177207946777344,-9.044301986694336
m3gnet,wbm-3-34764,Ir4 Th4,8,-73.13800048828125,False,-73.13800048828125,-9.142250061035156
m3gnet,wbm-3-34765,Ir2 Np2 Tl4,8,-52.2882194519043,False,-52.2882194519043,-6.536027431488037
m3gnet,wbm-3-34766,Ir2 Np2 Tl4,8,-52.28670120239258,False,-52.28670120239258,-6.535837650299072
m3gnet,wbm-3-34767,Ir2 Pu2 Tl4,8,-54.084510803222656,False,-54.084510803222656,-6.760563850402832
m3gnet,wbm-3-34768,Ir2 Th2 Tl4,8,-44.095115661621094,False,-44.095115661621094,-5.511889457702637
m3gnet,wbm-3-34769,Ir2 Th2 Tl4,8,-44.096134185791016,False,-44.096134185791016,-5.512016773223877
m3gnet,wbm-3-34770,Ir2 Tl4 U2,8,-48.78666305541992,False,-48.78666305541992,-6.09833288192749
m3gnet,wbm-3-34771,Ir2 Tl4 U2,8,-48.78743362426758,False,-48.78743362426758,-6.098429203033447
m3gnet,wbm-3-34772,Ir1 Np1 Tl5,7,-32.3106803894043,False,-32.3106803894043,-4.615811484200614
m3gnet,wbm-3-34773,Ir1 Pu1 Tl5,7,-32.903934478759766,False,-32.903934478759766,-4.700562068394253
m3gnet,wbm-3-34774,Ir3 Tl3 U3,9,-67.57965850830078,False,-67.57965850830078,-7.508850945366754
m3gnet,wbm-3-34775,Ir2 Tl2,4,-19.6131534576416,False,-19.6131534576416,-4.9032883644104
m3gnet,wbm-3-34776,Ir4 Tl4,8,-38.6247444152832,False,-38.6247444152832,-4.8280930519104
m3gnet,wbm-3-34777,Ir2 Tl2,4,-19.159088134765625,False,-19.159088134765625,-4.789772033691406
m3gnet,wbm-3-34778,Ir2 U4,6,-64.7006607055664,False,-64.7006607055664,-10.783443450927734
m3gnet,wbm-3-34779,Ir4 U8,12,-128.91433715820312,False,-128.91433715820312,-10.74286142985026
m3gnet,wbm-3-34780,Ir4 U4,8,-85.12560272216797,False,-85.12560272216797,-10.640700340270996
m3gnet,wbm-3-34781,Ir4 U4,8,-83.78870391845703,False,-83.78870391845703,-10.473587989807129
m3gnet,wbm-3-34782,Ag6 In2 K4,12,-27.269840240478516,False,-27.269840240478516,-2.272486686706543
m3gnet,wbm-3-34783,Ag6 K4 Pb2,12,-29.588855743408203,False,-29.588855743408203,-2.46573797861735
m3gnet,wbm-3-34784,Ag6 K4 Sn2,12,-30.64573860168457,False,-30.64573860168457,-2.553811550140381
m3gnet,wbm-3-34785,As4 Ba2 Hg2 K4,12,-34.6909294128418,False,-34.6909294128418,-2.890910784403483
m3gnet,wbm-3-34786,As2 Cs2 K4,8,-17.993791580200195,False,-17.993791580200195,-2.2492239475250244
m3gnet,wbm-3-34787,As2 Ir2 K4,8,-32.78997039794922,False,-32.78997039794922,-4.098746299743652
m3gnet,wbm-3-34788,As2 K4 Rb2,8,-17.9991455078125,False,-17.9991455078125,-2.2498931884765625
m3gnet,wbm-3-34789,As2 K4 Ru2,8,-32.810829162597656,False,-32.810829162597656,-4.101353645324707
m3gnet,wbm-3-34790,Au2 Bi4 K4,10,-30.162155151367188,False,-30.162155151367188,-3.016215515136719
m3gnet,wbm-3-34791,Ba1 K2 U1,4,-10.358933448791504,False,-10.358933448791504,-2.589733362197876
m3gnet,wbm-3-34792,Br4 Dy1 K2,7,-25.20973777770996,False,-25.20973777770996,-3.601391111101423
m3gnet,wbm-3-34793,Br4 K2 Pu1,7,-34.30162048339844,False,-34.30162048339844,-4.900231497628348
m3gnet,wbm-3-34794,Ag1 Br6 K2 Pt1,10,-29.80606460571289,False,-29.80606460571289,-2.980606460571289
m3gnet,wbm-3-34795,Br6 Ce1 K2,9,-33.55266189575195,False,-33.55266189575195,-3.7280735439724393
m3gnet,wbm-3-34796,Br6 Ce1 K2,9,-33.46653366088867,False,-33.46653366088867,-3.7185037400987415
m3gnet,wbm-3-34797,Br6 Dy1 K2,9,-32.21192932128906,False,-32.21192932128906,-3.579103257921007
m3gnet,wbm-3-34798,Br6 Er1 K2,9,-32.10090637207031,False,-32.10090637207031,-3.566767374674479
m3gnet,wbm-3-34799,Br6 Gd1 K2,9,-41.4179801940918,False,-41.4179801940918,-4.601997799343533
m3gnet,wbm-3-34800,Br6 Hf1 K2,9,-36.24773025512695,False,-36.24773025512695,-4.027525583902995
m3gnet,wbm-3-34801,Br6 K2 La1,9,-32.716468811035156,False,-32.716468811035156,-3.6351632012261286
m3gnet,wbm-3-34802,Br6 K2 Lu1,9,-32.181209564208984,False,-32.181209564208984,-3.575689951578776
m3gnet,wbm-3-34803,Br6 K2 Nb1,9,-33.69700241088867,False,-33.69700241088867,-3.7441113789876304
m3gnet,wbm-3-34804,Br6 K2 Np1,9,-38.60813522338867,False,-38.60813522338867,-4.2897928025987415
m3gnet,wbm-3-34805,Ag1 Br6 K2 Pd1,10,-29.055566787719727,False,-29.055566787719727,-2.9055566787719727
m3gnet,wbm-3-34806,Br6 K2 Pu1,9,-40.45458221435547,False,-40.45458221435547,-4.4949535793728295
m3gnet,wbm-3-34807,Br6 K2 Ta1,9,-35.65949630737305,False,-35.65949630737305,-3.962166256374783
m3gnet,wbm-3-34808,Br6 K2 Tb1,9,-32.13201141357422,False,-32.13201141357422,-3.5702234903971353
m3gnet,wbm-3-34809,Br6 K2 Th1,9,-35.33263397216797,False,-35.33263397216797,-3.925848219129774
m3gnet,wbm-3-34810,Br6 K2 Tm1,9,-32.28941345214844,False,-32.28941345214844,-3.587712605794271
m3gnet,wbm-3-34811,Br6 K2 Tm1,9,-32.22824478149414,False,-32.22824478149414,-3.580916086832682
m3gnet,wbm-3-34812,Br6 K2 U1,9,-37.157325744628906,False,-37.157325744628906,-4.128591749403212
m3gnet,wbm-3-34813,Br6 K2 Y1,9,-34.05413818359375,False,-34.05413818359375,-3.7837931315104165
m3gnet,wbm-3-34814,Br6 K2 Zr1,9,-34.929534912109375,False,-34.929534912109375,-3.8810594346788196
m3gnet,wbm-3-34815,Ca1 Eu1 K2,4,-11.887434959411621,False,-11.887434959411621,-2.9718587398529053
m3gnet,wbm-3-34816,Ca1 K2 Pm1,4,-6.299266815185547,False,-6.299266815185547,-1.5748167037963867
m3gnet,wbm-3-34817,Ca2 K4 Rh2,8,-20.781421661376953,False,-20.781421661376953,-2.597677707672119
m3gnet,wbm-3-34818,Ca2 K4 Se6,12,-44.1514892578125,False,-44.1514892578125,-3.679290771484375
m3gnet,wbm-3-34819,Cd2 K4 Sn2,8,-16.15720558166504,False,-16.15720558166504,-2.01965069770813
m3gnet,wbm-3-34820,Cd1 K2 Tl1,4,-5.596130847930908,False,-5.596130847930908,-1.399032711982727
m3gnet,wbm-3-34821,Co3 K2 Te4,9,-39.177513122558594,False,-39.177513122558594,-4.353057013617621
m3gnet,wbm-3-34822,As2 Co2 K4,8,-28.68821907043457,False,-28.68821907043457,-3.5860273838043213
m3gnet,wbm-3-34823,Bi4 Co2 K4,10,-35.316078186035156,False,-35.316078186035156,-3.531607818603516
m3gnet,wbm-3-34824,Co1 Ge1 K2 Te4,8,-30.364904403686523,False,-30.364904403686523,-3.7956130504608154
m3gnet,wbm-3-34825,Co2 In2 K4,8,-21.12278175354004,False,-21.12278175354004,-2.640347719192505
m3gnet,wbm-3-34826,Co2 In2 K4,8,-21.12084197998047,False,-21.12084197998047,-2.6401052474975586
m3gnet,wbm-3-34827,Co2 K4 Se6,12,-47.688507080078125,False,-47.688507080078125,-3.9740422566731772
m3gnet,wbm-3-34828,Co1 K2 Sn1 Te4,8,-30.1126651763916,False,-30.1126651763916,-3.76408314704895
m3gnet,wbm-3-34829,Co2 K4 Sn2,8,-24.47669219970703,False,-24.47669219970703,-3.059586524963379
m3gnet,wbm-3-34830,Cr1 Ge1 K2 Te4,8,-33.186668395996094,False,-33.186668395996094,-4.148333549499512
m3gnet,wbm-3-34831,Cr2 Ge2 K4,8,-29.635648727416992,False,-29.635648727416992,-3.704456090927124
m3gnet,wbm-3-34832,Cr2 K4 Se6,12,-55.035377502441406,False,-55.035377502441406,-4.586281458536784
m3gnet,wbm-3-34833,Cr2 K4 Te6,12,-50.67716598510742,False,-50.67716598510742,-4.223097165425618
m3gnet,wbm-3-34834,Cu6 Ga2 K4,12,-33.052757263183594,False,-33.052757263183594,-2.754396438598633
m3gnet,wbm-3-34835,Cu6 In2 K4,12,-32.57929229736328,False,-32.57929229736328,-2.7149410247802734
m3gnet,wbm-3-34836,Cu6 K4 Pb2,12,-35.0523567199707,False,-35.0523567199707,-2.921029726664225
m3gnet,wbm-3-34837,Cu6 K4 Sn2,12,-36.08040237426758,False,-36.08040237426758,-3.0067001978556314
m3gnet,wbm-3-34838,Cu3 K2 Te4,9,-30.859474182128906,False,-30.859474182128906,-3.4288304646809897
m3gnet,wbm-3-34839,Ba2 Cu2 K4,8,-15.330743789672852,False,-15.330743789672852,-1.9163429737091064
m3gnet,wbm-3-34840,Bi4 Cu2 K4,10,-30.659730911254883,False,-30.659730911254883,-3.065973091125488
m3gnet,wbm-3-34841,Ag1 Br6 Cu1 K2,10,-27.632875442504883,False,-27.632875442504883,-2.7632875442504883
m3gnet,wbm-3-34842,Au1 Br6 Cu1 K2,10,-27.85468864440918,False,-27.85468864440918,-2.785468864440918
m3gnet,wbm-3-34843,Cu2 K4 Pb2,8,-20.205028533935547,False,-20.205028533935547,-2.5256285667419434
m3gnet,wbm-3-34844,Ac1 Eu1 K2,4,-13.032148361206055,False,-13.032148361206055,-3.2580370903015137
m3gnet,wbm-3-34845,Eu2 K4 Pt2,8,-37.829193115234375,False,-37.829193115234375,-4.728649139404297
m3gnet,wbm-3-34846,As2 Fe2 K4,8,-30.134855270385742,False,-30.134855270385742,-3.7668569087982178
m3gnet,wbm-3-34847,Au6 Fe2 K4,12,-39.976200103759766,False,-39.976200103759766,-3.331350008646647
m3gnet,wbm-3-34848,Bi4 Fe2 K4,10,-36.766029357910156,False,-36.766029357910156,-3.6766029357910157
m3gnet,wbm-3-34849,Fe1 Ge1 K2 Te4,8,-31.588706970214844,False,-31.588706970214844,-3.9485883712768555
m3gnet,wbm-3-34850,Fe2 In2 K4,8,-22.90182876586914,False,-22.90182876586914,-2.8627285957336426
m3gnet,wbm-3-34851,Fe2 K4 Pb2,8,-25.23680877685547,False,-25.23680877685547,-3.1546010971069336
m3gnet,wbm-3-34852,Fe1 K2 Sn1 Te4,8,-31.42197608947754,False,-31.42197608947754,-3.9277470111846924
m3gnet,wbm-3-34853,Fe2 K4 Sn2,8,-25.604923248291016,False,-25.604923248291016,-3.200615406036377
m3gnet,wbm-3-34854,Fe2 K4 Te6,12,-47.226837158203125,False,-47.226837158203125,-3.9355697631835938
m3gnet,wbm-3-34855,Ag6 Ga2 K4,12,-27.903533935546875,False,-27.903533935546875,-2.3252944946289062
m3gnet,wbm-3-34856,Ga2 K4 Pd6,12,-43.86174392700195,False,-43.86174392700195,-3.6551453272501626
m3gnet,wbm-3-34857,Ga2 K4 Rh6,12,-52.504478454589844,False,-52.504478454589844,-4.375373204549153
m3gnet,wbm-3-34858,As2 Ge1 K2 Se6,11,-42.93461227416992,False,-42.93461227416992,-3.903146570379084
m3gnet,wbm-3-34859,Au6 Ge2 K4,12,-37.33790588378906,False,-37.33790588378906,-3.111492156982422
m3gnet,wbm-3-34860,Ge2 Hg2 K4,8,-15.637016296386719,False,-15.637016296386719,-1.9546270370483398
m3gnet,wbm-3-34861,Hg2 K4 Pb2,8,-14.321751594543457,False,-14.321751594543457,-1.7902189493179321
m3gnet,wbm-3-34862,I4 K2 Yb1,7,-20.448360443115234,False,-20.448360443115234,-2.9211943490164622
m3gnet,wbm-3-34863,Ce1 I6 K2,9,-29.628549575805664,False,-29.628549575805664,-3.292061063978407
m3gnet,wbm-3-34864,I6 K2 La1,9,-28.618066787719727,False,-28.618066787719727,-3.1797851986355252
m3gnet,wbm-3-34865,I6 K2 Pr1,9,-28.380647659301758,False,-28.380647659301758,-3.153405295477973
m3gnet,wbm-3-34866,In2 K4 Pt6,12,-49.939857482910156,False,-49.939857482910156,-4.161654790242513
m3gnet,wbm-3-34867,In1 K2 Tb1,4,-8.216760635375977,False,-8.216760635375977,-2.054190158843994
m3gnet,wbm-3-34868,Bi4 Ir2 K4,10,-39.65591812133789,False,-39.65591812133789,-3.965591812133789
m3gnet,wbm-3-34869,Ir2 K4,6,-18.362991333007812,False,-18.362991333007812,-3.0604985555013022
m3gnet,wbm-3-34870,Ge1 K2 Mn1 Se4,8,-35.876365661621094,False,-35.876365661621094,-4.484545707702637
m3gnet,wbm-3-34871,I6 K2 Mn1,9,-27.9243106842041,False,-27.9243106842041,-3.102701187133789
m3gnet,wbm-3-34872,In2 K4 Mn2,8,-23.751880645751953,False,-23.751880645751953,-2.968985080718994
m3gnet,wbm-3-34873,K4 Mn2 Pb2,8,-28.344362258911133,False,-28.344362258911133,-3.5430452823638916
m3gnet,wbm-3-34874,K4 Mn2 Se6,12,-52.75829315185547,False,-52.75829315185547,-4.396524429321289
m3gnet,wbm-3-34875,K4 Mn2 Se6,12,-53.1623649597168,False,-53.1623649597168,-4.430197079976399
m3gnet,wbm-3-34876,K4 Mn2 Sn2,8,-28.483524322509766,False,-28.483524322509766,-3.5604405403137207
m3gnet,wbm-3-34877,K4 Mn2 Te6,12,-49.28383255004883,False,-49.28383255004883,-4.106986045837402
m3gnet,wbm-3-34878,K4 Nb2 Te6,12,-52.492889404296875,False,-52.492889404296875,-4.374407450358073
m3gnet,wbm-3-34879,Ga2 K4 Ni6,12,-40.55222702026367,False,-40.55222702026367,-3.379352251688639
m3gnet,wbm-3-34880,In2 K4 Ni6,12,-40.21289825439453,False,-40.21289825439453,-3.3510748545328775
m3gnet,wbm-3-34881,K4 Ni6 Pb2,12,-42.494346618652344,False,-42.494346618652344,-3.541195551554362
m3gnet,wbm-3-34882,K4 Ni6 Sn2,12,-43.73833084106445,False,-43.73833084106445,-3.6448609034220376
m3gnet,wbm-3-34883,Bi4 K4 Ni2,10,-34.02957534790039,False,-34.02957534790039,-3.402957534790039
m3gnet,wbm-3-34884,Ge1 K2 Ni1 Te4,8,-29.266916275024414,False,-29.266916275024414,-3.6583645343780518
m3gnet,wbm-3-34885,Ge1 K2 Ni1,4,-12.22443675994873,False,-12.22443675994873,-3.0561091899871826
m3gnet,wbm-3-34886,K2 Ni1 Pu1,4,-17.24009132385254,False,-17.24009132385254,-4.310022830963135
m3gnet,wbm-3-34887,K4 Ni2 Se6,12,-45.34592819213867,False,-45.34592819213867,-3.778827349344889
m3gnet,wbm-3-34888,K2 Ni1 Sn1 Te4,8,-28.94599151611328,False,-28.94599151611328,-3.61824893951416
m3gnet,wbm-3-34889,K4 Ni2 Sn2,8,-23.5523624420166,False,-23.5523624420166,-2.944045305252075
m3gnet,wbm-3-34890,In2 K4 Pd6,12,-42.83388900756836,False,-42.83388900756836,-3.5694907506306968
m3gnet,wbm-3-34891,K4 Pb2 Pd6,12,-44.790103912353516,False,-44.790103912353516,-3.732508659362793
m3gnet,wbm-3-34892,K4 Pd6 Sn2,12,-46.27879333496094,False,-46.27879333496094,-3.8565661112467446
m3gnet,wbm-3-34893,K2 Pd3 Te4,9,-36.23188018798828,False,-36.23188018798828,-4.025764465332031
m3gnet,wbm-3-34894,K4 Pb2 Pt6,12,-51.60458755493164,False,-51.60458755493164,-4.300382296244304
m3gnet,wbm-3-34895,Bi4 K4 Pt2,10,-35.929779052734375,False,-35.929779052734375,-3.5929779052734374
m3gnet,wbm-3-34896,In2 K4 Rh6,12,-51.53330612182617,False,-51.53330612182617,-4.294442176818848
m3gnet,wbm-3-34897,K4 Pb2 Rh6,12,-53.488677978515625,False,-53.488677978515625,-4.457389831542969
m3gnet,wbm-3-34898,K4 Rh6 Sn2,12,-55.02552032470703,False,-55.02552032470703,-4.585460027058919
m3gnet,wbm-3-34899,K2 Rh3 Te4,9,-42.27070617675781,False,-42.27070617675781,-4.696745130750868
m3gnet,wbm-3-34900,Ba2 K4 Rh2,8,-21.44526481628418,False,-21.44526481628418,-2.6806581020355225
m3gnet,wbm-3-34901,Bi4 K4 Rh2,10,-38.098331451416016,False,-38.098331451416016,-3.8098331451416017
m3gnet,wbm-3-34902,K4 Pb2 Rh2,8,-26.370250701904297,False,-26.370250701904297,-3.296281337738037
m3gnet,wbm-3-34903,K2 Ru3 Te4,9,-46.43955612182617,False,-46.43955612182617,-5.159950680202908
m3gnet,wbm-3-34904,K4 Pb2 Ru2,8,-27.1787109375,False,-27.1787109375,-3.3973388671875
m3gnet,wbm-3-34905,K4 Ru2 Sb4,10,-43.24951171875,False,-43.24951171875,-4.324951171875
m3gnet,wbm-3-34906,K4 Pt2 Sb2,8,-28.958772659301758,False,-28.958772659301758,-3.6198465824127197
m3gnet,wbm-3-34907,Br4 K2 Sc1,7,-26.57375717163086,False,-26.57375717163086,-3.796251024518694
m3gnet,wbm-3-34908,Br6 K2 Sc1,9,-33.312599182128906,False,-33.312599182128906,-3.701399909125434
m3gnet,wbm-3-34909,Br6 K2 Sc1,9,-33.31886672973633,False,-33.31886672973633,-3.7020963033040366
m3gnet,wbm-3-34910,K4 Sc2 Se6,12,-54.888729095458984,False,-54.888729095458984,-4.574060757954915
m3gnet,wbm-3-34911,K4 Sc2 Te6,12,-49.639739990234375,False,-49.639739990234375,-4.136644999186198
m3gnet,wbm-3-34912,K4 Sc2 Te6,12,-49.63993835449219,False,-49.63993835449219,-4.136661529541016
m3gnet,wbm-3-34913,Hg2 K4 Se4,10,-27.429786682128906,False,-27.429786682128906,-2.7429786682128907
m3gnet,wbm-3-34914,Ce2 K4 Se6,12,-55.116729736328125,False,-55.116729736328125,-4.593060811360677
m3gnet,wbm-3-34915,Dy2 K4 Se6,12,-52.774288177490234,False,-52.774288177490234,-4.3978573481241865
m3gnet,wbm-3-34916,Dy2 K4 Se6,12,-50.8036003112793,False,-50.8036003112793,-4.233633359273274
m3gnet,wbm-3-34917,Dy2 K4 Se6,12,-50.804683685302734,False,-50.804683685302734,-4.2337236404418945
m3gnet,wbm-3-34918,Er2 K4 Se6,12,-52.54872512817383,False,-52.54872512817383,-4.379060427347819
m3gnet,wbm-3-34919,Er2 K4 Se6,12,-50.8780403137207,False,-50.8780403137207,-4.239836692810059
m3gnet,wbm-3-34920,Ho2 K4 Se6,12,-52.735904693603516,False,-52.735904693603516,-4.39465872446696
m3gnet,wbm-3-34921,Ho2 K4 Se6,12,-50.818077087402344,False,-50.818077087402344,-4.234839757283528
m3gnet,wbm-3-34922,Ho2 K4 Se6,12,-50.81783676147461,False,-50.81783676147461,-4.234819730122884
m3gnet,wbm-3-34923,K4 La2 Se6,12,-54.028526306152344,False,-54.028526306152344,-4.502377192179362
m3gnet,wbm-3-34924,K4 Lu2 Se6,12,-52.41608810424805,False,-52.41608810424805,-4.368007342020671
m3gnet,wbm-3-34925,K4 Lu2 Se6,12,-50.78734588623047,False,-50.78734588623047,-4.232278823852539
m3gnet,wbm-3-34926,K4 Lu2 Se6,12,-50.78594207763672,False,-50.78594207763672,-4.23216183980306
m3gnet,wbm-3-34927,K4 Nd2 Se6,12,-52.94679260253906,False,-52.94679260253906,-4.412232716878255
m3gnet,wbm-3-34928,K4 Np2 Se6,12,-66.32167053222656,False,-66.32167053222656,-5.526805877685547
m3gnet,wbm-3-34929,K4 Pr2 Se6,12,-52.902503967285156,False,-52.902503967285156,-4.408541997273763
m3gnet,wbm-3-34930,K4 Pr2 Se6,12,-50.77909851074219,False,-50.77909851074219,-4.231591542561849
m3gnet,wbm-3-34931,K4 Se6 Sm2,12,-53.015380859375,False,-53.015380859375,-4.417948404947917
m3gnet,wbm-3-34932,K4 Se6 Sr2,12,-43.96162796020508,False,-43.96162796020508,-3.6634689966837564
m3gnet,wbm-3-34933,K4 Se6 Ta2,12,-62.08381271362305,False,-62.08381271362305,-5.173651059468587
m3gnet,wbm-3-34934,K4 Se6 Tb2,12,-52.80292892456055,False,-52.80292892456055,-4.400244077046712
m3gnet,wbm-3-34935,K4 Se6 Tb2,12,-51.07350540161133,False,-51.07350540161133,-4.256125450134277
m3gnet,wbm-3-34936,K4 Se6 Th2,12,-59.60608673095703,False,-59.60608673095703,-4.967173894246419
m3gnet,wbm-3-34937,K4 Se6 Th2,12,-59.34566116333008,False,-59.34566116333008,-4.94547176361084
m3gnet,wbm-3-34938,K4 Se6 Th2,12,-59.34522247314453,False,-59.34522247314453,-4.945435206095378
m3gnet,wbm-3-34939,K4 Se6 Tm2,12,-52.589622497558594,False,-52.589622497558594,-4.382468541463216
m3gnet,wbm-3-34940,K4 Se6 Tm2,12,-50.743412017822266,False,-50.743412017822266,-4.2286176681518555
m3gnet,wbm-3-34941,K4 Se6 Yb2,12,-43.113426208496094,False,-43.113426208496094,-3.5927855173746743
m3gnet,wbm-3-34942,K4 Se6 Y2,12,-56.491416931152344,False,-56.491416931152344,-4.707618077596028
m3gnet,wbm-3-34943,K4 Se6 Y2,12,-54.857566833496094,False,-54.857566833496094,-4.571463902791341
m3gnet,wbm-3-34944,K2 Os3 Se4,9,-53.151554107666016,False,-53.151554107666016,-5.905728234185113
m3gnet,wbm-3-34945,K2 Pt3 Se4,9,-40.5598030090332,False,-40.5598030090332,-4.506644778781467
m3gnet,wbm-3-34946,Hg1 K2 Se4 Sn1,8,-26.335935592651367,False,-26.335935592651367,-3.291991949081421
m3gnet,wbm-3-34947,I6 K2 Sr1,9,-24.403182983398438,False,-24.403182983398438,-2.71146477593316
m3gnet,wbm-3-34948,Ce2 K4 Te6,12,-50.015621185302734,False,-50.015621185302734,-4.1679684321085615
m3gnet,wbm-3-34949,Hf2 K4 Te6,12,-54.78364181518555,False,-54.78364181518555,-4.565303484598796
m3gnet,wbm-3-34950,Hf2 K4 Te6,12,-54.3929443359375,False,-54.3929443359375,-4.532745361328125
m3gnet,wbm-3-34951,Hf2 K4 Te6,12,-54.160675048828125,False,-54.160675048828125,-4.513389587402344
m3gnet,wbm-3-34952,K4 Tb2 Te6,12,-46.67646408081055,False,-46.67646408081055,-3.8897053400675454
m3gnet,wbm-3-34953,K4 Te6 Tm2,12,-46.186614990234375,False,-46.186614990234375,-3.8488845825195312
m3gnet,wbm-3-34954,Ir3 K2 Te4,9,-44.89342498779297,False,-44.89342498779297,-4.988158331976996
m3gnet,wbm-3-34955,I6 K2 Ti1,9,-28.809921264648438,False,-28.809921264648438,-3.201102362738715
m3gnet,wbm-3-34956,K4 Te6 Ti2,12,-49.73030471801758,False,-49.73030471801758,-4.144192059834798
m3gnet,wbm-3-34957,K8 Tm4,12,-19.64434051513672,False,-19.64434051513672,-1.6370283762613933
m3gnet,wbm-3-34958,Br6 K2 V1,9,-32.299598693847656,False,-32.299598693847656,-3.5888442993164062
m3gnet,wbm-3-34959,K4 Se6 V2,12,-55.53266906738281,False,-55.53266906738281,-4.627722422281901
m3gnet,wbm-3-34960,K4 Te6 V2,12,-50.340999603271484,False,-50.340999603271484,-4.195083300272624
m3gnet,wbm-3-34961,Ac1 K2 Yb1,4,-5.751099586486816,False,-5.751099586486816,-1.437774896621704
m3gnet,wbm-3-34962,I6 K2 Y1,9,-30.223960876464844,False,-30.223960876464844,-3.3582178751627603
m3gnet,wbm-3-34963,In1 K2 Y1,4,-10.07844066619873,False,-10.07844066619873,-2.5196101665496826
m3gnet,wbm-3-34964,K8 Y4,12,-27.61322021484375,False,-27.61322021484375,-2.3011016845703125
m3gnet,wbm-3-34965,In2 K4 Zn2,8,-12.622003555297852,False,-12.622003555297852,-1.5777504444122314
m3gnet,wbm-3-34966,In2 K4 Zn2,8,-12.62261962890625,False,-12.62261962890625,-1.5778274536132812
m3gnet,wbm-3-34967,K4 Pb2 Zn2,8,-15.390464782714844,False,-15.390464782714844,-1.9238080978393555
m3gnet,wbm-3-34968,K4 Pb2 Zn2,8,-15.390351295471191,False,-15.390351295471191,-1.923793911933899
m3gnet,wbm-3-34969,K4 Se6 Zn2,12,-37.762149810791016,False,-37.762149810791016,-3.146845817565918
m3gnet,wbm-3-34970,K4 Te6 Zr2,12,-52.063499450683594,False,-52.063499450683594,-4.338624954223633
m3gnet,wbm-3-34971,As2 Ce1 K3,6,-21.558279037475586,False,-21.558279037475586,-3.593046506245931
m3gnet,wbm-3-34972,As2 Ir3 K3,8,-40.45488357543945,False,-40.45488357543945,-5.056860446929932
m3gnet,wbm-3-34973,As2 K3 Lu1,6,-20.284963607788086,False,-20.284963607788086,-3.380827267964681
m3gnet,wbm-3-34974,As2 K3 Ru3,8,-40.45376968383789,False,-40.45376968383789,-5.056721210479736
m3gnet,wbm-3-34975,As1 K3 Te3,7,-22.474876403808594,False,-22.474876403808594,-3.2106966291155135
m3gnet,wbm-3-34976,Au2 K6,8,-15.109175682067871,False,-15.109175682067871,-1.8886469602584839
m3gnet,wbm-3-34977,Br6 Dy1 K3,10,-36.214839935302734,False,-36.214839935302734,-3.6214839935302736
m3gnet,wbm-3-34978,Br6 Er1 K3,10,-36.17526626586914,False,-36.17526626586914,-3.617526626586914
m3gnet,wbm-3-34979,Br6 Ho1 K3,10,-36.1945915222168,False,-36.1945915222168,-3.6194591522216797
m3gnet,wbm-3-34980,Br6 K3 La1,10,-36.90985107421875,False,-36.90985107421875,-3.690985107421875
m3gnet,wbm-3-34981,Br6 K3 Lu1,10,-36.03950119018555,False,-36.03950119018555,-3.6039501190185548
m3gnet,wbm-3-34982,Br6 K3 Nd1,10,-36.31809997558594,False,-36.31809997558594,-3.6318099975585936
m3gnet,wbm-3-34983,Br6 K3 Pr1,10,-36.396541595458984,False,-36.396541595458984,-3.6396541595458984
m3gnet,wbm-3-34984,Br6 K3 Sm1,10,-36.25908660888672,False,-36.25908660888672,-3.6259086608886717
m3gnet,wbm-3-34985,Br6 K3 Sn1,10,-30.263608932495117,False,-30.263608932495117,-3.0263608932495116
m3gnet,wbm-3-34986,Br6 K3 Tb1,10,-36.320560455322266,False,-36.320560455322266,-3.6320560455322264
m3gnet,wbm-3-34987,Br6 K3 Th1,10,-38.01694869995117,False,-38.01694869995117,-3.801694869995117
m3gnet,wbm-3-34988,Br6 K3 Tm1,10,-35.977394104003906,False,-35.977394104003906,-3.597739410400391
m3gnet,wbm-3-34989,Br6 K3 Yb1,10,-31.898208618164062,False,-31.898208618164062,-3.1898208618164063
m3gnet,wbm-3-34990,Br6 K3 Zr1,10,-38.31218338012695,False,-38.31218338012695,-3.8312183380126954
m3gnet,wbm-3-34991,Ca2 K3 Rh2,7,-20.68457794189453,False,-20.68457794189453,-2.954939705984933
m3gnet,wbm-3-34992,Br6 Ca1 K3,10,-32.66255569458008,False,-32.66255569458008,-3.266255569458008
m3gnet,wbm-3-34993,As2 Co3 K3,8,-34.3936767578125,False,-34.3936767578125,-4.2992095947265625
m3gnet,wbm-3-34994,Co4 K3 Sn4,11,-47.05628967285156,False,-47.05628967285156,-4.277844515713778
m3gnet,wbm-3-34995,Cu4 K3 Sn4,11,-36.556602478027344,False,-36.556602478027344,-3.323327498002486
m3gnet,wbm-3-34996,As2 Fe3 K3,8,-37.41968536376953,False,-37.41968536376953,-4.677460670471191
m3gnet,wbm-3-34997,Fe4 K3 Sn4,11,-51.49877166748047,False,-51.49877166748047,-4.681706515225497
m3gnet,wbm-3-34998,Fe2 K6 Sb4,12,-41.63363265991211,False,-41.63363265991211,-3.4694693883260093
m3gnet,wbm-3-34999,Bi4 Ga2 K6,12,-32.5499382019043,False,-32.5499382019043,-2.7124948501586914
m3gnet,wbm-3-35000,In4 K3 Pt4,11,-43.03339767456055,False,-43.03339767456055,-3.912127061323686
m3gnet,wbm-3-35001,Bi4 In2 K6,12,-32.083194732666016,False,-32.083194732666016,-2.6735995610555015
m3gnet,wbm-3-35002,Ge4 K3 Mn4,11,-57.102115631103516,False,-57.102115631103516,-5.19110142100941
m3gnet,wbm-3-35003,K3 Nb1 Te4,8,-32.20729064941406,False,-32.20729064941406,-4.025911331176758
m3gnet,wbm-3-35004,K3 Ni4 Sn4,11,-43.880088806152344,False,-43.880088806152344,-3.989098982377486
m3gnet,wbm-3-35005,K3 Ni7,10,-38.3448486328125,False,-38.3448486328125,-3.83448486328125
m3gnet,wbm-3-35006,K3 Np1,4,-12.669403076171875,False,-12.669403076171875,-3.1673507690429688
m3gnet,wbm-3-35007,K3 Pd4 Sn4,11,-45.11684799194336,False,-45.11684799194336,-4.101531635631215
m3gnet,wbm-3-35008,K3 Pb4 Pt4,11,-45.148616790771484,False,-45.148616790771484,-4.104419708251953
m3gnet,wbm-3-35009,K3 Pt7,10,-47.45207977294922,False,-47.45207977294922,-4.745207977294922
m3gnet,wbm-3-35010,K6 Rb2,8,-8.477605819702148,False,-8.477605819702148,-1.0597007274627686
m3gnet,wbm-3-35011,K3 Rh4 Sn4,11,-52.316139221191406,False,-52.316139221191406,-4.756012656471946
m3gnet,wbm-3-35012,K3 Ru4 Sn4,11,-56.5349235534668,False,-56.5349235534668,-5.139538504860618
m3gnet,wbm-3-35013,K6 Sb4 Tl2,12,-31.867286682128906,False,-31.867286682128906,-2.655607223510742
m3gnet,wbm-3-35014,Br6 K3 Sc1,10,-37.13761901855469,False,-37.13761901855469,-3.713761901855469
m3gnet,wbm-3-35015,K3 Nb1 Se4,8,-36.21894836425781,False,-36.21894836425781,-4.527368545532227
m3gnet,wbm-3-35016,Au4 K3 Sn4,11,-36.756351470947266,False,-36.756351470947266,-3.3414864973588423
m3gnet,wbm-3-35017,Ir4 K3 Sn4,11,-56.75413131713867,False,-56.75413131713867,-5.159466483376243
m3gnet,wbm-3-35018,K6 Sb4 Sn2,12,-36.16420364379883,False,-36.16420364379883,-3.013683636983236
m3gnet,wbm-3-35019,Hf1 K3 Te4,8,-33.20243835449219,False,-33.20243835449219,-4.150304794311523
m3gnet,wbm-3-35020,Ir2 K3 Ti3,8,-41.9598503112793,False,-41.9598503112793,-5.244981288909912
m3gnet,wbm-3-35021,K3 Te4 Ti1,8,-30.741329193115234,False,-30.741329193115234,-3.8426661491394043
m3gnet,wbm-3-35022,K3 Se4 V1,8,-34.48345184326172,False,-34.48345184326172,-4.310431480407715
m3gnet,wbm-3-35023,K6 V2,8,-17.775592803955078,False,-17.775592803955078,-2.2219491004943848
m3gnet,wbm-3-35024,I6 K3 Y1,10,-33.428375244140625,False,-33.428375244140625,-3.3428375244140627
m3gnet,wbm-3-35025,Ge4 K3 Zn4,11,-28.612728118896484,False,-28.612728118896484,-2.6011571017178623
m3gnet,wbm-3-35026,K3 Te4 Zr1,8,-32.03936767578125,False,-32.03936767578125,-4.004920959472656
m3gnet,wbm-3-35027,As2 K4 Sr1,7,-18.414142608642578,False,-18.414142608642578,-2.630591801234654
m3gnet,wbm-3-35028,Ba2 K8 Pt2,12,-26.262468338012695,False,-26.262468338012695,-2.1885390281677246
m3gnet,wbm-3-35029,As2 Co1 K4,7,-21.745540618896484,False,-21.745540618896484,-3.106505802699498
m3gnet,wbm-3-35030,Bi2 Co1 K4,7,-19.90699577331543,False,-19.90699577331543,-2.843856539045061
m3gnet,wbm-3-35031,Bi2 Fe1 K4,7,-20.145132064819336,False,-20.145132064819336,-2.877876009259905
m3gnet,wbm-3-35032,Bi2 K4 Mn1,7,-22.14849281311035,False,-22.14849281311035,-3.1640704018729076
m3gnet,wbm-3-35033,Bi2 K4 Ni1,7,-19.473363876342773,False,-19.473363876342773,-2.7819091251918246
m3gnet,wbm-3-35034,Ba2 K8 Pd2,12,-23.479310989379883,False,-23.479310989379883,-1.9566092491149902
m3gnet,wbm-3-35035,Hg1 K4 Sb2,7,-16.003202438354492,False,-16.003202438354492,-2.2861717769077847
m3gnet,wbm-3-35036,Co2 Hf4 K5,11,-55.991783142089844,False,-55.991783142089844,-5.09016210382635
m3gnet,wbm-3-35037,Co2 K5 Tm4,11,-36.001495361328125,False,-36.001495361328125,-3.2728632146661933
m3gnet,wbm-3-35038,K5 Pb2,7,-13.752161026000977,False,-13.752161026000977,-1.9645944322858537
m3gnet,wbm-3-35039,Au4 Cs1 K6,11,-23.510948181152344,False,-23.510948181152344,-2.137358925559304
m3gnet,wbm-3-35040,Fe1 Ge2 K6,9,-21.156097412109375,False,-21.156097412109375,-2.350677490234375
m3gnet,wbm-3-35041,Ag6 K2 Te4,12,-36.391090393066406,False,-36.391090393066406,-3.032590866088867
m3gnet,wbm-3-35042,Ag4 In4 K4,12,-27.221864700317383,False,-27.221864700317383,-2.2684887250264487
m3gnet,wbm-3-35043,Ag4 K4 Pb4,12,-31.690685272216797,False,-31.690685272216797,-2.6408904393514
m3gnet,wbm-3-35044,Ag2 K2 Sn4,8,-25.27549171447754,False,-25.27549171447754,-3.1594364643096924
m3gnet,wbm-3-35045,Ag2 K2 La2 Te6,12,-48.99368667602539,False,-48.99368667602539,-4.082807223002116
m3gnet,wbm-3-35046,Ag2 K2 Nd2 Te6,12,-47.94430923461914,False,-47.94430923461914,-3.9953591028849282
m3gnet,wbm-3-35047,Ag2 K2 Pr2 Te6,12,-47.95051574707031,False,-47.95051574707031,-3.9958763122558594
m3gnet,wbm-3-35048,Ag2 K2 Sm2 Te6,12,-47.91172409057617,False,-47.91172409057617,-3.992643674214681
m3gnet,wbm-3-35049,Ag2 K2 Te6 Yb2,12,-40.05225372314453,False,-40.05225372314453,-3.3376878102620444
m3gnet,wbm-3-35050,Ag2 K2 Tl4,8,-17.664854049682617,False,-17.664854049682617,-2.208106756210327
m3gnet,wbm-3-35051,As4 Cs4 K2 Tl2,12,-32.998008728027344,False,-32.998008728027344,-2.7498340606689453
m3gnet,wbm-3-35052,As2 K1 Pt2,5,-24.962913513183594,False,-24.962913513183594,-4.992582702636719
m3gnet,wbm-3-35053,As4 K2 Rb4 Sn2,12,-38.197959899902344,False,-38.197959899902344,-3.183163324991862
m3gnet,wbm-3-35054,As4 K2 Rb4 Tl2,12,-33.29836654663086,False,-33.29836654663086,-2.774863878885905
m3gnet,wbm-3-35055,As2 Ba2 K2,6,-19.722549438476562,False,-19.722549438476562,-3.2870915730794272
m3gnet,wbm-3-35056,As2 Ce2 K2,6,-27.148563385009766,False,-27.148563385009766,-4.524760564168294
m3gnet,wbm-3-35057,As2 Dy2 K2,6,-25.270273208618164,False,-25.270273208618164,-4.21171220143636
m3gnet,wbm-3-35058,As2 Er2 K2,6,-25.236967086791992,False,-25.236967086791992,-4.206161181131999
m3gnet,wbm-3-35059,As2 Eu2 K2,6,-37.19358825683594,False,-37.19358825683594,-6.198931376139323
m3gnet,wbm-3-35060,As2 Gd2 K2,6,-42.80738830566406,False,-42.80738830566406,-7.134564717610677
m3gnet,wbm-3-35061,As1 Gd1 K1,3,-20.976207733154297,False,-20.976207733154297,-6.992069244384766
m3gnet,wbm-3-35062,As2 Ho2 K2,6,-25.186738967895508,False,-25.186738967895508,-4.197789827982585
m3gnet,wbm-3-35063,As2 K2 La2,6,-26.167638778686523,False,-26.167638778686523,-4.361273129781087
m3gnet,wbm-3-35064,As2 K2 Lu2,6,-25.088613510131836,False,-25.088613510131836,-4.181435585021973
m3gnet,wbm-3-35065,As2 K2 Nd2,6,-25.79435157775879,False,-25.79435157775879,-4.299058596293132
m3gnet,wbm-3-35066,As2 K2 Np2,6,-38.030723571777344,False,-38.030723571777344,-6.338453928629558
m3gnet,wbm-3-35067,As1 K1 Np1,3,-17.384599685668945,False,-17.384599685668945,-5.794866561889648
m3gnet,wbm-3-35068,As2 K2 Pr2,6,-25.74057388305664,False,-25.74057388305664,-4.2900956471761065
m3gnet,wbm-3-35069,As2 K2 Pu2,6,-40.53847885131836,False,-40.53847885131836,-6.7564131418863935
m3gnet,wbm-3-35070,As1 K1 Pu1,3,-20.506153106689453,False,-20.506153106689453,-6.835384368896484
m3gnet,wbm-3-35071,As2 K2 Rh2,6,-29.752864837646484,False,-29.752864837646484,-4.958810806274414
m3gnet,wbm-3-35072,As2 K2 Ru2,6,-32.65208435058594,False,-32.65208435058594,-5.442014058430989
m3gnet,wbm-3-35073,As2 K2 Sm2,6,-25.619661331176758,False,-25.619661331176758,-4.269943555196126
m3gnet,wbm-3-35074,As2 K2 Sr2,6,-19.435232162475586,False,-19.435232162475586,-3.2392053604125977
m3gnet,wbm-3-35075,As2 K2 Tb2,6,-25.365501403808594,False,-25.365501403808594,-4.227583567301433
m3gnet,wbm-3-35076,As2 K2 Th2,6,-29.191673278808594,False,-29.191673278808594,-4.865278879801433
m3gnet,wbm-3-35077,As2 K2 Tm2,6,-25.286893844604492,False,-25.286893844604492,-4.214482307434082
m3gnet,wbm-3-35078,As2 K2 U2,6,-36.59809494018555,False,-36.59809494018555,-6.099682490030925
m3gnet,wbm-3-35079,As2 K2 Y2,6,-28.97347640991211,False,-28.97347640991211,-4.828912734985352
m3gnet,wbm-3-35080,As2 K2 Zr2,6,-33.03407287597656,False,-33.03407287597656,-5.505678812662761
m3gnet,wbm-3-35081,Au2 K2 Pb4,8,-25.23078155517578,False,-25.23078155517578,-3.1538476943969727
m3gnet,wbm-3-35082,Au4 K4 Tl4,12,-30.349733352661133,False,-30.349733352661133,-2.5291444460550943
m3gnet,wbm-3-35083,Ba2 K1 Pb1,4,-9.534326553344727,False,-9.534326553344727,-2.3835816383361816
m3gnet,wbm-3-35084,Ba8 K4,12,-18.41829490661621,False,-18.41829490661621,-1.5348579088846843
m3gnet,wbm-3-35085,Ba4 K4 Pt4,12,-41.146812438964844,False,-41.146812438964844,-3.428901036580404
m3gnet,wbm-3-35086,Ag2 Br6 K2,10,-26.33883285522461,False,-26.33883285522461,-2.6338832855224608
m3gnet,wbm-3-35087,Ag2 Br6 K2,10,-26.2100830078125,False,-26.2100830078125,-2.62100830078125
m3gnet,wbm-3-35088,Br6 Cs2 K2,10,-27.788291931152344,False,-27.788291931152344,-2.7788291931152345
m3gnet,wbm-3-35089,Br6 Dy2 K2,10,-37.39254379272461,False,-37.39254379272461,-3.739254379272461
m3gnet,wbm-3-35090,Br6 Er2 K2,10,-37.38969802856445,False,-37.38969802856445,-3.7389698028564453
m3gnet,wbm-3-35091,Br6 Ho2 K2,10,-37.3140754699707,False,-37.3140754699707,-3.7314075469970702
m3gnet,wbm-3-35092,Br6 Ho2 K2,10,-37.31412124633789,False,-37.31412124633789,-3.7314121246337892
m3gnet,wbm-3-35093,Br6 K2 Pb2,10,-32.24742126464844,False,-32.24742126464844,-3.224742126464844
m3gnet,wbm-3-35094,Br6 K2 Pr2,10,-38.7871208190918,False,-38.7871208190918,-3.8787120819091796
m3gnet,wbm-3-35095,Br6 K2 Pr2,10,-38.68528366088867,False,-38.68528366088867,-3.868528366088867
m3gnet,wbm-3-35096,Br6 K2 Rb2,10,-26.67725372314453,False,-26.67725372314453,-2.667725372314453
m3gnet,wbm-3-35097,Br6 K2 Sm2,10,-37.84238052368164,False,-37.84238052368164,-3.7842380523681642
m3gnet,wbm-3-35098,Br6 K2 Sm2,10,-37.84245300292969,False,-37.84245300292969,-3.7842453002929686
m3gnet,wbm-3-35099,Br6 K2 Sr2,10,-35.36302185058594,False,-35.36302185058594,-3.536302185058594
m3gnet,wbm-3-35100,Br6 K2 Sr2,10,-35.36305618286133,False,-35.36305618286133,-3.536305618286133
m3gnet,wbm-3-35101,Br6 K2 Tb2,10,-37.85904312133789,False,-37.85904312133789,-3.785904312133789
m3gnet,wbm-3-35102,Br6 K2 Th2,10,-41.58576202392578,False,-41.58576202392578,-4.158576202392578
m3gnet,wbm-3-35103,Br6 K2 Th2,10,-41.58600616455078,False,-41.58600616455078,-4.158600616455078
m3gnet,wbm-3-35104,Br6 K2 Tl2,10,-27.784282684326172,False,-27.784282684326172,-2.7784282684326174
m3gnet,wbm-3-35105,Br6 K2 Tm2,10,-36.283355712890625,False,-36.283355712890625,-3.6283355712890626
m3gnet,wbm-3-35106,Br6 K2,8,-18.632524490356445,False,-18.632524490356445,-2.3290655612945557
m3gnet,wbm-3-35107,Br6 K2 Yb2,10,-35.086421966552734,False,-35.086421966552734,-3.5086421966552734
m3gnet,wbm-3-35108,Br6 K2 Yb2,10,-35.08684158325195,False,-35.08684158325195,-3.5086841583251953
m3gnet,wbm-3-35109,Br6 K2 Yb2,10,-35.08660125732422,False,-35.08660125732422,-3.5086601257324217
m3gnet,wbm-3-35110,Br6 K2 Y2,10,-41.556365966796875,False,-41.556365966796875,-4.155636596679687
m3gnet,wbm-3-35111,Br6 K2 Y2,10,-41.55646514892578,False,-41.55646514892578,-4.155646514892578
m3gnet,wbm-3-35112,Br6 K2 Zr2,10,-42.155052185058594,False,-42.155052185058594,-4.215505218505859
m3gnet,wbm-3-35113,Br8 K2 Pd2,12,-35.014034271240234,False,-35.014034271240234,-2.9178361892700195
m3gnet,wbm-3-35114,Br8 K2 Rb2,12,-29.269617080688477,False,-29.269617080688477,-2.4391347567240396
m3gnet,wbm-3-35115,Br6 Cs2 K1 Pb1,10,-30.358413696289062,False,-30.358413696289062,-3.035841369628906
m3gnet,wbm-3-35116,Br6 Cs3 K1,10,-24.5806941986084,False,-24.5806941986084,-2.45806941986084
m3gnet,wbm-3-35117,Br6 Dy1 K1 Rb2,10,-35.65877914428711,False,-35.65877914428711,-3.565877914428711
m3gnet,wbm-3-35118,Br6 Er1 K1 Rb2,10,-35.589935302734375,False,-35.589935302734375,-3.5589935302734377
m3gnet,wbm-3-35119,Br6 Ho1 K1 Rb2,10,-35.65562438964844,False,-35.65562438964844,-3.565562438964844
m3gnet,wbm-3-35120,Br6 K1 Lu1 Rb2,10,-35.537654876708984,False,-35.537654876708984,-3.5537654876708986
m3gnet,wbm-3-35121,Br6 K1 Pr1 Rb2,10,-35.569496154785156,False,-35.569496154785156,-3.5569496154785156
m3gnet,wbm-3-35122,Br6 K1 Rb2 Sm1,10,-35.61531448364258,False,-35.61531448364258,-3.5615314483642577
m3gnet,wbm-3-35123,Br6 K1 Rb2 Sn1,10,-30.358163833618164,False,-30.358163833618164,-3.0358163833618166
m3gnet,wbm-3-35124,Br6 K1 Rb2 Tb1,10,-35.68732452392578,False,-35.68732452392578,-3.5687324523925783
m3gnet,wbm-3-35125,Br6 K1 Rb2 Tm1,10,-35.506195068359375,False,-35.506195068359375,-3.5506195068359374
m3gnet,wbm-3-35126,Br6 Cs2 K1 Rb1,10,-26.73787498474121,False,-26.73787498474121,-2.673787498474121
m3gnet,wbm-3-35127,Br6 Cs2 K1 Sn1,10,-30.729393005371094,False,-30.729393005371094,-3.0729393005371093
m3gnet,wbm-3-35128,Ca4 Ge4 K2,10,-33.66834259033203,False,-33.66834259033203,-3.366834259033203
m3gnet,wbm-3-35129,Ca2 K1,3,-4.783027648925781,False,-4.783027648925781,-1.594342549641927
m3gnet,wbm-3-35130,Ag2 Ca2 K2 Te6,12,-41.28034591674805,False,-41.28034591674805,-3.4400288263956704
m3gnet,wbm-3-35131,Br6 Ca2 K2,10,-35.56602478027344,False,-35.56602478027344,-3.5566024780273438
m3gnet,wbm-3-35132,Br6 Ca2 K2,10,-35.56616973876953,False,-35.56616973876953,-3.5566169738769533
m3gnet,wbm-3-35133,Ca2 Cd2 K2 Te6,12,-38.80897521972656,False,-38.80897521972656,-3.234081268310547
m3gnet,wbm-3-35134,Ca3 Cd3 K3,9,-11.33691692352295,False,-11.33691692352295,-1.2596574359469943
m3gnet,wbm-3-35135,Ca3 Co3 K3,9,-23.33544921875,False,-23.33544921875,-2.5928276909722223
m3gnet,wbm-3-35136,Ca2 Cu2 K2 Se6,12,-47.04851531982422,False,-47.04851531982422,-3.9207096099853516
m3gnet,wbm-3-35137,Ca2 Cu2 K2 Te6,12,-43.45820617675781,False,-43.45820617675781,-3.6215171813964844
m3gnet,wbm-3-35138,Ca3 Cu3 K3,9,-18.797039031982422,False,-18.797039031982422,-2.0885598924424915
m3gnet,wbm-3-35139,Ca3 Fe3 K3,9,-25.455204010009766,False,-25.455204010009766,-2.828356001112196
m3gnet,wbm-3-35140,Ca3 K3 Mn3,9,-29.165340423583984,False,-29.165340423583984,-3.2405933803982205
m3gnet,wbm-3-35141,Ca2 K2 Ni2 Se6,12,-50.4412841796875,False,-50.4412841796875,-4.203440348307292
m3gnet,wbm-3-35142,Ca3 K3 Ni3,9,-21.368518829345703,False,-21.368518829345703,-2.3742798699273004
m3gnet,wbm-3-35143,Ca2 K2 Pd4,8,-28.86188507080078,False,-28.86188507080078,-3.6077356338500977
m3gnet,wbm-3-35144,Ca3 K3 Pt3,9,-29.72153663635254,False,-29.72153663635254,-3.3023929595947266
m3gnet,wbm-3-35145,Ca2 K2 Se4,8,-30.908105850219727,False,-30.908105850219727,-3.863513231277466
m3gnet,wbm-3-35146,Ca2 Cd2 K2 Se6,12,-42.26380920410156,False,-42.26380920410156,-3.521984100341797
m3gnet,wbm-3-35147,Ca2 Hg2 K2 Se6,12,-39.51188278198242,False,-39.51188278198242,-3.292656898498535
m3gnet,wbm-3-35148,Ca2 Hg2 K2 Se6,12,-39.511619567871094,False,-39.511619567871094,-3.292634963989258
m3gnet,wbm-3-35149,Ca4 K4 Sr4,12,-17.731111526489258,False,-17.731111526489258,-1.4775926272074382
m3gnet,wbm-3-35150,Ca2 K2 Te4,8,-28.831310272216797,False,-28.831310272216797,-3.6039137840270996
m3gnet,wbm-3-35151,Ca2 K2 Se6 Zn2,12,-43.5308837890625,False,-43.5308837890625,-3.6275736490885415
m3gnet,wbm-3-35152,Ca3 K3 Zn3,9,-11.42187213897705,False,-11.42187213897705,-1.2690969043307834
m3gnet,wbm-3-35153,Cd1 Ce2 K1,4,-11.976842880249023,False,-11.976842880249023,-2.994210720062256
m3gnet,wbm-3-35154,Cd1 Dy2 K1,4,-9.855112075805664,False,-9.855112075805664,-2.463778018951416
m3gnet,wbm-3-35155,Cd3 Dy3 K3,9,-16.06850814819336,False,-16.06850814819336,-1.7853897942437067
m3gnet,wbm-3-35156,Cd1 Er2 K1,4,-9.59596061706543,False,-9.59596061706543,-2.3989901542663574
m3gnet,wbm-3-35157,Cd3 Eu3 K3,9,-35.46549606323242,False,-35.46549606323242,-3.9406106736924915
m3gnet,wbm-3-35158,Cd1 Gd2 K1,4,-28.81491470336914,False,-28.81491470336914,-7.203728675842285
m3gnet,wbm-3-35159,Cd3 Gd3 K3,9,-42.743343353271484,False,-42.743343353271484,-4.74926037258572
m3gnet,wbm-3-35160,Cd1 Ho2 K1,4,-9.813507080078125,False,-9.813507080078125,-2.4533767700195312
m3gnet,wbm-3-35161,Cd1 K1 La2,4,-10.966466903686523,False,-10.966466903686523,-2.741616725921631
m3gnet,wbm-3-35162,Cd1 K1 Nd2,4,-10.514803886413574,False,-10.514803886413574,-2.6287009716033936
m3gnet,wbm-3-35163,Cd3 K3 Nd3,9,-17.12314224243164,False,-17.12314224243164,-1.9025713602701824
m3gnet,wbm-3-35164,Cd1 K1 Np2,4,-26.25531578063965,False,-26.25531578063965,-6.563828945159912
m3gnet,wbm-3-35165,Cd1 K1 Pr2,4,-10.567984580993652,False,-10.567984580993652,-2.641996145248413
m3gnet,wbm-3-35166,Cd3 K3 Pr3,9,-17.234725952148438,False,-17.234725952148438,-1.9149695502387152
m3gnet,wbm-3-35167,Cd1 K1 Sm2,4,-10.271034240722656,False,-10.271034240722656,-2.567758560180664
m3gnet,wbm-3-35168,Cd3 K3 Sm3,9,-16.767597198486328,False,-16.767597198486328,-1.8630663553873699
m3gnet,wbm-3-35169,Cd3 K3 Tb3,9,-16.155357360839844,False,-16.155357360839844,-1.7950397067599826
m3gnet,wbm-3-35170,Au2 Cd2 K2 Te4,10,-28.672161102294922,False,-28.672161102294922,-2.867216110229492
m3gnet,wbm-3-35171,Cd2 Ce2 K2 Te6,12,-47.40019226074219,False,-47.40019226074219,-3.9500160217285156
m3gnet,wbm-3-35172,Cd2 Eu2 K2 Te6,12,-55.777923583984375,False,-55.777923583984375,-4.648160298665364
m3gnet,wbm-3-35173,Cd2 Gd2 K2 Te6,12,-64.0727767944336,False,-64.0727767944336,-5.3393980662028
m3gnet,wbm-3-35174,Cd2 Ho2 K2 Te6,12,-44.77345275878906,False,-44.77345275878906,-3.731121063232422
m3gnet,wbm-3-35175,Cd2 K2 Nd2 Te6,12,-45.421058654785156,False,-45.421058654785156,-3.785088221232096
m3gnet,wbm-3-35176,Cd2 K2 Pr2 Te6,12,-45.43777847290039,False,-45.43777847290039,-3.7864815394083657
m3gnet,wbm-3-35177,Cd2 K2 Pu2 Te6,12,-60.780113220214844,False,-60.780113220214844,-5.065009435017903
m3gnet,wbm-3-35178,Cd2 K2 Sm2 Te6,12,-45.30246353149414,False,-45.30246353149414,-3.7752052942911782
m3gnet,wbm-3-35179,Cd2 K2 Tb2 Te6,12,-44.96778106689453,False,-44.96778106689453,-3.7473150889078775
m3gnet,wbm-3-35180,Cd2 K2 Te6 Tm2,12,-44.34392547607422,False,-44.34392547607422,-3.695327123006185
m3gnet,wbm-3-35181,Cd1 K1 Th2,4,-14.9274263381958,False,-14.9274263381958,-3.73185658454895
m3gnet,wbm-3-35182,Cd1 K1 Tm2,4,-9.541291236877441,False,-9.541291236877441,-2.3853228092193604
m3gnet,wbm-3-35183,Cd1 K1 U2,4,-20.519641876220703,False,-20.519641876220703,-5.129910469055176
m3gnet,wbm-3-35184,Cd3 K3 Yb3,9,-10.104121208190918,False,-10.104121208190918,-1.1226801342434354
m3gnet,wbm-3-35185,Ce4 Ir4 K2,10,-64.74037170410156,False,-64.74037170410156,-6.474037170410156
m3gnet,wbm-3-35186,As2 Co2 K1,5,-26.48175811767578,False,-26.48175811767578,-5.296351623535156
m3gnet,wbm-3-35187,Co2 K1 Sb2,5,-24.792945861816406,False,-24.792945861816406,-4.958589172363281
m3gnet,wbm-3-35188,Co4 K2 Te6,12,-52.86121368408203,False,-52.86121368408203,-4.405101140340169
m3gnet,wbm-3-35189,Co2 K1 Tl1,4,-13.607573509216309,False,-13.607573509216309,-3.401893377304077
m3gnet,wbm-3-35190,Co2 K1 Y2,5,-28.453271865844727,False,-28.453271865844727,-5.690654373168945
m3gnet,wbm-3-35191,Co6 Ge4 K2,12,-62.43473815917969,False,-62.43473815917969,-5.202894846598308
m3gnet,wbm-3-35192,Co4 K1 Sb2,7,-38.56365966796875,False,-38.56365966796875,-5.50909423828125
m3gnet,wbm-3-35193,Ce2 Co2 K2,6,-26.70308494567871,False,-26.70308494567871,-4.450514157613118
m3gnet,wbm-3-35194,Co2 Cu2 K2 Se6,12,-50.21780776977539,False,-50.21780776977539,-4.184817314147949
m3gnet,wbm-3-35195,Co2 Cu2 K2 Te6,12,-47.86430740356445,False,-47.86430740356445,-3.988692283630371
m3gnet,wbm-3-35196,Co3 K3 Pu3,9,-59.32379150390625,False,-59.32379150390625,-6.591532389322917
m3gnet,wbm-3-35197,Co1 K1 Se2,4,-17.40579605102539,False,-17.40579605102539,-4.351449012756348
m3gnet,wbm-3-35198,Ce2 Co2 K2 Se6,12,-62.91938781738281,False,-62.91938781738281,-5.243282318115234
m3gnet,wbm-3-35199,Co2 Dy2 K2 Se6,12,-60.533329010009766,False,-60.533329010009766,-5.0444440841674805
m3gnet,wbm-3-35200,Co2 Hf2 K2 Se6,12,-69.71147918701172,False,-69.71147918701172,-5.809289932250977
m3gnet,wbm-3-35201,Co2 K2 Pr2 Se6,12,-60.628658294677734,False,-60.628658294677734,-5.0523881912231445
m3gnet,wbm-3-35202,Co2 K2 Se6 Th2,12,-66.96237182617188,False,-66.96237182617188,-5.580197652180989
m3gnet,wbm-3-35203,Co2 K2 Se6 Y2,12,-64.26261138916016,False,-64.26261138916016,-5.355217615763347
m3gnet,wbm-3-35204,Co2 K2 Se6 Zr2,12,-66.96160125732422,False,-66.96160125732422,-5.580133438110352
m3gnet,wbm-3-35205,Co1 K1 Te2,4,-16.28550910949707,False,-16.28550910949707,-4.071377277374268
m3gnet,wbm-3-35206,Co1 K1 Te2,4,-16.197601318359375,False,-16.197601318359375,-4.049400329589844
m3gnet,wbm-3-35207,Co1 K1 Y2,4,-18.92535972595215,False,-18.92535972595215,-4.731339931488037
m3gnet,wbm-3-35208,Cr2 Ga9 K1,12,-49.263214111328125,False,-49.263214111328125,-4.105267842610677
m3gnet,wbm-3-35209,Br6 Cr1 K1 Rb2,10,-36.130889892578125,False,-36.130889892578125,-3.6130889892578124
m3gnet,wbm-3-35210,Cr2 K2 Ni2 Se6,12,-61.32176208496094,False,-61.32176208496094,-5.110146840413411
m3gnet,wbm-3-35211,Cr2 K2 Ni2 Te6,12,-56.998451232910156,False,-56.998451232910156,-4.749870936075847
m3gnet,wbm-3-35212,Cr1 K1 Pt2,4,-21.307029724121094,False,-21.307029724121094,-5.326757431030273
m3gnet,wbm-3-35213,Cr1 K1 Se2,4,-21.079723358154297,False,-21.079723358154297,-5.269930839538574
m3gnet,wbm-3-35214,Cr2 K2 Se6 Zr2,12,-72.59429931640625,False,-72.59429931640625,-6.0495249430338545
m3gnet,wbm-3-35215,Cr2 K2 Se6 Zn2,12,-53.97918701171875,False,-53.97918701171875,-4.4982655843098955
m3gnet,wbm-3-35216,Cr2 K2 Se6 Zn2,12,-53.979515075683594,False,-53.979515075683594,-4.498292922973633
m3gnet,wbm-3-35217,As2 Cu2 K1 Y1,6,-29.422992706298828,False,-29.422992706298828,-4.903832117716472
m3gnet,wbm-3-35218,Br6 Cu4 K2,12,-37.58522033691406,False,-37.58522033691406,-3.1321016947428384
m3gnet,wbm-3-35219,Ce4 Cu4 K2,10,-40.029510498046875,False,-40.029510498046875,-4.002951049804688
m3gnet,wbm-3-35220,Cu4 Dy4 K2,10,-35.887550354003906,False,-35.887550354003906,-3.5887550354003905
m3gnet,wbm-3-35221,Cu4 Ho4 K2,10,-35.79998779296875,False,-35.79998779296875,-3.579998779296875
m3gnet,wbm-3-35222,Cu4 I6 K2,12,-34.824031829833984,False,-34.824031829833984,-2.9020026524861655
m3gnet,wbm-3-35223,Cu4 K2 Nd4,10,-36.48129653930664,False,-36.48129653930664,-3.6481296539306642
m3gnet,wbm-3-35224,Cu2 K1 Sb2,5,-18.604026794433594,False,-18.604026794433594,-3.720805358886719
m3gnet,wbm-3-35225,Cu4 K2 Te6,12,-41.30324172973633,False,-41.30324172973633,-3.441936810811361
m3gnet,wbm-3-35226,Cu2 K1 Y2,5,-22.636886596679688,False,-22.636886596679688,-4.527377319335938
m3gnet,wbm-3-35227,Cu6 Ge4 K2,12,-45.58351135253906,False,-45.58351135253906,-3.798625946044922
m3gnet,wbm-3-35228,Cu4 Dy1 K1,6,-21.018001556396484,False,-21.018001556396484,-3.503000259399414
m3gnet,wbm-3-35229,Cu4 Er1 K1,6,-20.8608455657959,False,-20.8608455657959,-3.4768075942993164
m3gnet,wbm-3-35230,Cu4 Ho1 K1,6,-21.04922866821289,False,-21.04922866821289,-3.508204778035482
m3gnet,wbm-3-35231,Cu4 K1 Tb1,6,-20.957754135131836,False,-20.957754135131836,-3.4929590225219727
m3gnet,wbm-3-35232,Cu4 K1 Tm1,6,-20.907020568847656,False,-20.907020568847656,-3.484503428141276
m3gnet,wbm-3-35233,Cu4 K1 Y1,6,-22.867937088012695,False,-22.867937088012695,-3.8113228480021157
m3gnet,wbm-3-35234,Ac2 Cu1 K1,4,-12.468278884887695,False,-12.468278884887695,-3.117069721221924
m3gnet,wbm-3-35235,As2 Cu2 K2,6,-21.784536361694336,False,-21.784536361694336,-3.630756060282389
m3gnet,wbm-3-35236,Br6 Cu2 K2,10,-28.92072868347168,False,-28.92072868347168,-2.892072868347168
m3gnet,wbm-3-35237,Br8 Cu2 K2,12,-32.12105178833008,False,-32.12105178833008,-2.6767543156941733
m3gnet,wbm-3-35238,Cu3 Er3 K3,9,-23.875,False,-23.875,-2.6527777777777777
m3gnet,wbm-3-35239,Cu3 Eu3 K3,9,-41.06367874145508,False,-41.06367874145508,-4.562630971272786
m3gnet,wbm-3-35240,Cu2 Ga4 K2,8,-23.675779342651367,False,-23.675779342651367,-2.959472417831421
m3gnet,wbm-3-35241,Cu4 In4 K4,12,-31.313459396362305,False,-31.313459396362305,-2.609454949696859
m3gnet,wbm-3-35242,Cu3 K3 Lu3,9,-23.363327026367188,False,-23.363327026367188,-2.59592522515191
m3gnet,wbm-3-35243,Cu4 K4 Pb4,12,-35.476348876953125,False,-35.476348876953125,-2.9563624064127603
m3gnet,wbm-3-35244,Cu3 K3 Pu3,9,-52.254371643066406,False,-52.254371643066406,-5.8060412936740455
m3gnet,wbm-3-35245,Cu2 K2 Rh2 Te6,12,-49.97724533081055,False,-49.97724533081055,-4.164770444234212
m3gnet,wbm-3-35246,Cu1 K1 Se2,4,-14.176548957824707,False,-14.176548957824707,-3.5441372394561768
m3gnet,wbm-3-35247,Cu2 In2 K2 Se6,12,-44.14637756347656,False,-44.14637756347656,-3.6788647969563804
m3gnet,wbm-3-35248,Cu2 K2 La2 Se6,12,-56.43959045410156,False,-56.43959045410156,-4.703299204508464
m3gnet,wbm-3-35249,Cu2 K2 Nd2 Se6,12,-55.47378921508789,False,-55.47378921508789,-4.622815767923991
m3gnet,wbm-3-35250,Cu2 K2 Pr2 Se6,12,-55.45118713378906,False,-55.45118713378906,-4.620932261149089
m3gnet,wbm-3-35251,Cu2 K2 Se6 Sm2,12,-55.49501419067383,False,-55.49501419067383,-4.624584515889485
m3gnet,wbm-3-35252,Cu2 K2 Se6 Sr2,12,-46.82212448120117,False,-46.82212448120117,-3.901843706766764
m3gnet,wbm-3-35253,Cu2 K2 Se6 Yb2,12,-46.36251449584961,False,-46.36251449584961,-3.8635428746541343
m3gnet,wbm-3-35254,Cu2 K2 Sr2 Te6,12,-43.455055236816406,False,-43.455055236816406,-3.6212546030680337
m3gnet,wbm-3-35255,Cu3 K3 Tb3,9,-24.484661102294922,False,-24.484661102294922,-2.7205179002549915
m3gnet,wbm-3-35256,Cu2 Dy2 K2 Te6,12,-49.92755889892578,False,-49.92755889892578,-4.160629908243815
m3gnet,wbm-3-35257,Cu2 Dy2 K2 Te6,12,-49.92753601074219,False,-49.92753601074219,-4.160628000895183
m3gnet,wbm-3-35258,Cu2 Er2 K2 Te6,12,-49.79839324951172,False,-49.79839324951172,-4.149866104125977
m3gnet,wbm-3-35259,Cu2 Er2 K2 Te6,12,-49.79851150512695,False,-49.79851150512695,-4.149875958760579
m3gnet,wbm-3-35260,Cu2 Ho2 K2 Te6,12,-49.834415435791016,False,-49.834415435791016,-4.152867952982585
m3gnet,wbm-3-35261,Cu2 Ho2 K2 Te6,12,-49.834224700927734,False,-49.834224700927734,-4.1528520584106445
m3gnet,wbm-3-35262,Cu2 K2 La2 Te6,12,-51.347564697265625,False,-51.347564697265625,-4.278963724772136
m3gnet,wbm-3-35263,Cu2 K2 La2 Te6,12,-51.34636306762695,False,-51.34636306762695,-4.278863588968913
m3gnet,wbm-3-35264,Cu2 K2 Lu2 Te6,12,-49.58048629760742,False,-49.58048629760742,-4.131707191467285
m3gnet,wbm-3-35265,Cu2 K2 Lu2 Te6,12,-49.580650329589844,False,-49.580650329589844,-4.131720860799153
m3gnet,wbm-3-35266,Cu2 K2 Nd2 Te6,12,-50.25407028198242,False,-50.25407028198242,-4.187839190165202
m3gnet,wbm-3-35267,Cu2 K2 Nd2 Te6,12,-50.254425048828125,False,-50.254425048828125,-4.187868754069011
m3gnet,wbm-3-35268,Cu2 K2 Pr2 Te6,12,-50.23906326293945,False,-50.23906326293945,-4.186588605244954
m3gnet,wbm-3-35269,Cu2 K2 Sm2 Te6,12,-50.258914947509766,False,-50.258914947509766,-4.1882429122924805
m3gnet,wbm-3-35270,Cu2 K2 Sm2 Te6,12,-50.2589225769043,False,-50.2589225769043,-4.188243548075358
m3gnet,wbm-3-35271,Cu2 K2 Ta2 Te6,12,-58.99814987182617,False,-58.99814987182617,-4.916512489318848
m3gnet,wbm-3-35272,Cu2 K2 Te6 U2,12,-59.634010314941406,False,-59.634010314941406,-4.96950085957845
m3gnet,wbm-3-35273,Cu2 K2 Te6 Yb2,12,-42.41397476196289,False,-42.41397476196289,-3.5344978968302407
m3gnet,wbm-3-35274,Cu2 K2 Te6 Yb2,12,-42.413841247558594,False,-42.413841247558594,-3.534486770629883
m3gnet,wbm-3-35275,Cu2 K2 Tl4,8,-19.56711769104004,False,-19.56711769104004,-2.445889711380005
m3gnet,wbm-3-35276,Cu2 K2 Te6 Y2,12,-53.54463195800781,False,-53.54463195800781,-4.462052663167317
m3gnet,wbm-3-35277,Cu1 K1 Zn2,4,-7.443188190460205,False,-7.443188190460205,-1.8607970476150513
m3gnet,wbm-3-35278,Cu2 K2 Se6 Zn2,12,-40.14596176147461,False,-40.14596176147461,-3.3454968134562173
m3gnet,wbm-3-35279,Dy1 K1,2,-3.8485326766967773,False,-3.8485326766967773,-1.9242663383483887
m3gnet,wbm-3-35280,Er1 K1,2,-3.8466286659240723,False,-3.8466286659240723,-1.9233143329620361
m3gnet,wbm-3-35281,Eu2 Hg1 K1,4,-21.411996841430664,False,-21.411996841430664,-5.352999210357666
m3gnet,wbm-3-35282,Eu4 K2 Pt4,10,-73.26493072509766,False,-73.26493072509766,-7.3264930725097654
m3gnet,wbm-3-35283,Eu2 K1 Pt1,4,-28.281288146972656,False,-28.281288146972656,-7.070322036743164
m3gnet,wbm-3-35284,Eu2 K1,3,-21.280881881713867,False,-21.280881881713867,-7.093627293904622
m3gnet,wbm-3-35285,Au3 Eu3 K3,9,-45.8092041015625,False,-45.8092041015625,-5.089911566840278
m3gnet,wbm-3-35286,Bi3 Eu3 K3,9,-49.57731246948242,False,-49.57731246948242,-5.508590274386936
m3gnet,wbm-3-35287,Eu1 Hg2 K1,4,-13.27682876586914,False,-13.27682876586914,-3.319207191467285
m3gnet,wbm-3-35288,Eu3 Ir3 K3,9,-56.24693298339844,False,-56.24693298339844,-6.2496592203776045
m3gnet,wbm-3-35289,Eu1 K1 Pt2,4,-24.640043258666992,False,-24.640043258666992,-6.160010814666748
m3gnet,wbm-3-35290,Eu3 K3 Pt3,9,-53.98747634887695,False,-53.98747634887695,-5.9986084832085504
m3gnet,wbm-3-35291,Eu4 K4 Pt4,12,-73.4845199584961,False,-73.4845199584961,-6.123709996541341
m3gnet,wbm-3-35292,Eu1 K1,2,-9.419177055358887,False,-9.419177055358887,-4.709588527679443
m3gnet,wbm-3-35293,Au2 Fe4 K2,8,-38.35791015625,False,-38.35791015625,-4.79473876953125
m3gnet,wbm-3-35294,Fe2 K1 Sb2,5,-26.410930633544922,False,-26.410930633544922,-5.282186126708984
m3gnet,wbm-3-35295,Fe4 K2 Te6,12,-57.256988525390625,False,-57.256988525390625,-4.771415710449219
m3gnet,wbm-3-35296,Fe6 Ge4 K2,12,-70.26106262207031,False,-70.26106262207031,-5.855088551839192
m3gnet,wbm-3-35297,Fe4 K1 Sb2,7,-43.374534606933594,False,-43.374534606933594,-6.1963620867047995
m3gnet,wbm-3-35298,As4 Fe2 K2 Rb4,12,-43.60980987548828,False,-43.60980987548828,-3.634150822957357
m3gnet,wbm-3-35299,Br6 Fe2 K2,10,-38.39794158935547,False,-38.39794158935547,-3.839794158935547
m3gnet,wbm-3-35300,Fe2 Ge2 K2,6,-28.453920364379883,False,-28.453920364379883,-4.7423200607299805
m3gnet,wbm-3-35301,Fe2 K2 Ni2 Se6,12,-57.590057373046875,False,-57.590057373046875,-4.799171447753906
m3gnet,wbm-3-35302,Ce2 Fe2 K2 Se6,12,-65.43090057373047,False,-65.43090057373047,-5.452575047810872
m3gnet,wbm-3-35303,Fe2 K2 Nd2 Se6,12,-63.67408752441406,False,-63.67408752441406,-5.306173960367839
m3gnet,wbm-3-35304,Fe2 K2 Se6 Th2,12,-69.35910034179688,False,-69.35910034179688,-5.779925028483073
m3gnet,wbm-3-35305,Fe2 K2 Se6 U2,12,-73.82384490966797,False,-73.82384490966797,-6.151987075805664
m3gnet,wbm-3-35306,Fe2 K2 Se6 Zr2,12,-69.16770935058594,False,-69.16770935058594,-5.763975779215495
m3gnet,wbm-3-35307,Fe1 K1 Sr2,4,-9.903474807739258,False,-9.903474807739258,-2.4758687019348145
m3gnet,wbm-3-35308,Fe1 K1 Te2,4,-17.29176902770996,False,-17.29176902770996,-4.32294225692749
m3gnet,wbm-3-35309,Fe1 K1 Te2,4,-17.30348014831543,False,-17.30348014831543,-4.325870037078857
m3gnet,wbm-3-35310,Fe2 K2 Te6 Tm2,12,-56.83049392700195,False,-56.83049392700195,-4.735874493916829
m3gnet,wbm-3-35311,Fe2 K2 Te6 Y2,12,-61.12206268310547,False,-61.12206268310547,-5.093505223592122
m3gnet,wbm-3-35312,Ag2 Ga4 K2,8,-20.927812576293945,False,-20.927812576293945,-2.615976572036743
m3gnet,wbm-3-35313,Ga4 K2 Pd2,8,-28.17319107055664,False,-28.17319107055664,-3.52164888381958
m3gnet,wbm-3-35314,Ga4 K2 Pt2,8,-30.928970336914062,False,-30.928970336914062,-3.866121292114258
m3gnet,wbm-3-35315,Ga4 K2 Rh2,8,-32.55197525024414,False,-32.55197525024414,-4.068996906280518
m3gnet,wbm-3-35316,Au2 Ga9 K1,12,-36.498199462890625,False,-36.498199462890625,-3.0415166219075522
m3gnet,wbm-3-35317,Ga9 Ir2 K1,12,-49.79804229736328,False,-49.79804229736328,-4.1498368581136065
m3gnet,wbm-3-35318,Ga9 K1 Os2,12,-53.25522232055664,False,-53.25522232055664,-4.43793519337972
m3gnet,wbm-3-35319,Ga9 K1 Pd2,12,-42.214420318603516,False,-42.214420318603516,-3.5178683598836265
m3gnet,wbm-3-35320,Ga9 K1 Pt2,12,-44.9708366394043,False,-44.9708366394043,-3.747569719950358
m3gnet,wbm-3-35321,Au4 Ga4 K4,12,-33.81148147583008,False,-33.81148147583008,-2.8176234563191733
m3gnet,wbm-3-35322,Ga1 K1 Pd2,4,-14.477490425109863,False,-14.477490425109863,-3.619372606277466
m3gnet,wbm-3-35323,Ga2 K2 Rb4 Sb4,12,-34.061641693115234,False,-34.061641693115234,-2.838470141092936
m3gnet,wbm-3-35324,Cs4 Ga2 K2 Sb4,12,-33.752132415771484,False,-33.752132415771484,-2.8126777013142905
m3gnet,wbm-3-35325,Ga2 K2 Sn2,6,-17.9957275390625,False,-17.9957275390625,-2.9992879231770835
m3gnet,wbm-3-35326,Gd4 K2 Pt4,10,-90.13983917236328,False,-90.13983917236328,-9.013983917236327
m3gnet,wbm-3-35327,Gd2 K1,3,-28.169212341308594,False,-28.169212341308594,-9.389737447102865
m3gnet,wbm-3-35328,Gd1 K1 Pt2,4,-29.134746551513672,False,-29.134746551513672,-7.283686637878418
m3gnet,wbm-3-35329,Au6 Ge4 K2,12,-42.55373001098633,False,-42.55373001098633,-3.546144167582194
m3gnet,wbm-3-35330,Ce4 Ge4 K2,10,-47.45636749267578,False,-47.45636749267578,-4.745636749267578
m3gnet,wbm-3-35331,Dy4 Ge4 K2,10,-44.09764862060547,False,-44.09764862060547,-4.4097648620605465
m3gnet,wbm-3-35332,Er4 Ge4 K2,10,-43.87261199951172,False,-43.87261199951172,-4.387261199951172
m3gnet,wbm-3-35333,Ge4 Ho4 K2,10,-43.95523452758789,False,-43.95523452758789,-4.395523452758789
m3gnet,wbm-3-35334,Ge4 Ir6 K2,12,-76.24314880371094,False,-76.24314880371094,-6.353595733642578
m3gnet,wbm-3-35335,Ge4 K2 La4,10,-45.540130615234375,False,-45.540130615234375,-4.554013061523437
m3gnet,wbm-3-35336,Ge4 K2 Nd4,10,-44.78500747680664,False,-44.78500747680664,-4.478500747680664
m3gnet,wbm-3-35337,Ge4 K2 Pr4,10,-44.68844985961914,False,-44.68844985961914,-4.468844985961914
m3gnet,wbm-3-35338,Ge4 K2 Pt6,12,-62.476165771484375,False,-62.476165771484375,-5.206347147623698
m3gnet,wbm-3-35339,Ge4 K2 Pt6,12,-62.476070404052734,False,-62.476070404052734,-5.206339200337728
m3gnet,wbm-3-35340,Ge4 K2 Rh6,12,-70.7272720336914,False,-70.7272720336914,-5.89393933614095
m3gnet,wbm-3-35341,Ge4 K2 Sm4,10,-44.63844299316406,False,-44.63844299316406,-4.463844299316406
m3gnet,wbm-3-35342,Ge4 K2 Sr4,10,-31.988557815551758,False,-31.988557815551758,-3.1988557815551757
m3gnet,wbm-3-35343,Ge4 K2 Tb4,10,-44.31614685058594,False,-44.31614685058594,-4.431614685058594
m3gnet,wbm-3-35344,Ge4 K2 Th4,10,-53.67256546020508,False,-53.67256546020508,-5.367256546020508
m3gnet,wbm-3-35345,Ge4 K2 Tm4,10,-43.29924392700195,False,-43.29924392700195,-4.329924392700195
m3gnet,wbm-3-35346,Ge4 K2 Y4,10,-51.9755973815918,False,-51.9755973815918,-5.19755973815918
m3gnet,wbm-3-35347,Ge4 K2 Yb4,10,-31.01133155822754,False,-31.01133155822754,-3.1011331558227537
m3gnet,wbm-3-35348,Br6 Cs2 Ge1 K1,10,-30.541744232177734,False,-30.541744232177734,-3.0541744232177734
m3gnet,wbm-3-35349,Er2 Ge1 K1,4,-14.768220901489258,False,-14.768220901489258,-3.6920552253723145
m3gnet,wbm-3-35350,Ge2 In2 K2,6,-18.038555145263672,False,-18.038555145263672,-3.0064258575439453
m3gnet,wbm-3-35351,Ge1 K1 La2,4,-15.767668724060059,False,-15.767668724060059,-3.9419171810150146
m3gnet,wbm-3-35352,Ge3 K3 La3,9,-33.174293518066406,False,-33.174293518066406,-3.6860326131184897
m3gnet,wbm-3-35353,Ge1 K1 Nd2,4,-15.133907318115234,False,-15.133907318115234,-3.7834768295288086
m3gnet,wbm-3-35354,Ge1 K1 Pd5,7,-32.5439453125,False,-32.5439453125,-4.649135044642857
m3gnet,wbm-3-35355,Ge1 K1 Pm2,4,-15.202746391296387,False,-15.202746391296387,-3.8006865978240967
m3gnet,wbm-3-35356,Ge4 K4 Pt4,12,-52.171504974365234,False,-52.171504974365234,-4.3476254145304365
m3gnet,wbm-3-35357,Ge1 K1 Pu2,4,-32.72747802734375,False,-32.72747802734375,-8.181869506835938
m3gnet,wbm-3-35358,Ge3 K3 Pu3,9,-56.66461181640625,False,-56.66461181640625,-6.296067979600695
m3gnet,wbm-3-35359,Ge2 K2 Sn2,6,-20.736621856689453,False,-20.736621856689453,-3.4561036427815757
m3gnet,wbm-3-35360,Ge2 K2 Te6,10,-34.48158645629883,False,-34.48158645629883,-3.4481586456298827
m3gnet,wbm-3-35361,Bi2 Hf2 K2,6,-30.962955474853516,False,-30.962955474853516,-5.160492579142253
m3gnet,wbm-3-35362,Ac2 Hg1 K1,4,-9.62263011932373,False,-9.62263011932373,-2.4056575298309326
m3gnet,wbm-3-35363,Hg1 K1 Pu2,4,-28.611154556274414,False,-28.611154556274414,-7.1527886390686035
m3gnet,wbm-3-35364,Ho4 K2 Pt4,10,-52.08816909790039,False,-52.08816909790039,-5.208816909790039
m3gnet,wbm-3-35365,Ho1 K1,2,-3.847851276397705,False,-3.847851276397705,-1.9239256381988525
m3gnet,wbm-3-35366,Er2 I6 K2,10,-32.6227912902832,False,-32.6227912902832,-3.2622791290283204
m3gnet,wbm-3-35367,I6 K2 Pr2,10,-34.66458511352539,False,-34.66458511352539,-3.4664585113525392
m3gnet,wbm-3-35368,I6 K2 Pu2,10,-51.86299133300781,False,-51.86299133300781,-5.186299133300781
m3gnet,wbm-3-35369,I6 K2 Tb2,10,-33.175601959228516,False,-33.175601959228516,-3.3175601959228516
m3gnet,wbm-3-35370,I6 K2 Yb2,10,-30.473957061767578,False,-30.473957061767578,-3.047395706176758
m3gnet,wbm-3-35371,Au2 In4 K2,8,-22.17214584350586,False,-22.17214584350586,-2.7715182304382324
m3gnet,wbm-3-35372,Bi2 In2 K2,6,-17.235538482666016,False,-17.235538482666016,-2.8725897471110025
m3gnet,wbm-3-35373,In4 K4 Pt4,12,-44.294837951660156,False,-44.294837951660156,-3.6912364959716797
m3gnet,wbm-3-35374,Ir3 K3 Pu3,9,-63.89851760864258,False,-63.89851760864258,-7.0998352898491754
m3gnet,wbm-3-35375,K2 La4 Pt4,10,-53.56359100341797,False,-53.56359100341797,-5.3563591003417965
m3gnet,wbm-3-35376,K1 La2,3,-10.374555587768555,False,-10.374555587768555,-3.4581851959228516
m3gnet,wbm-3-35377,As2 K1 Mn2,5,-29.89627456665039,False,-29.89627456665039,-5.979254913330078
m3gnet,wbm-3-35378,Fe9 K1 Mn2,12,-91.11700439453125,False,-91.11700439453125,-7.5930836995442705
m3gnet,wbm-3-35379,K2 Mn4 Se6,12,-66.43560791015625,False,-66.43560791015625,-5.5363006591796875
m3gnet,wbm-3-35380,K1 Mn3 Se6,10,-54.188934326171875,False,-54.188934326171875,-5.418893432617187
m3gnet,wbm-3-35381,K1 Mn4 Sb2,7,-45.59187316894531,False,-45.59187316894531,-6.513124738420759
m3gnet,wbm-3-35382,Cu4 K1 Mn1,6,-23.60231590270996,False,-23.60231590270996,-3.9337193171183267
m3gnet,wbm-3-35383,Eu2 K1 Mn1,4,-27.66938591003418,False,-27.66938591003418,-6.917346477508545
m3gnet,wbm-3-35384,K2 Mn2 Ni2 Se6,12,-59.94765853881836,False,-59.94765853881836,-4.995638211568196
m3gnet,wbm-3-35385,K2 Mn2 Ni2 Se6,12,-59.94821548461914,False,-59.94821548461914,-4.995684623718262
m3gnet,wbm-3-35386,K1 Mn1 Se2,4,-19.981748580932617,False,-19.981748580932617,-4.995437145233154
m3gnet,wbm-3-35387,Ag2 K2 Mn2 Se6,12,-53.21956253051758,False,-53.21956253051758,-4.434963544209798
m3gnet,wbm-3-35388,Cd2 K2 Mn2 Se6,12,-50.87089157104492,False,-50.87089157104492,-4.239240964253743
m3gnet,wbm-3-35389,Cd2 K2 Mn2 Se6,12,-50.87037658691406,False,-50.87037658691406,-4.239198048909505
m3gnet,wbm-3-35390,Ce2 K2 Mn2 Se6,12,-67.76862335205078,False,-67.76862335205078,-5.647385279337565
m3gnet,wbm-3-35391,Ce2 K2 Mn2 Se6,12,-67.76902770996094,False,-67.76902770996094,-5.647418975830078
m3gnet,wbm-3-35392,Dy2 K2 Mn2 Se6,12,-66.4407958984375,False,-66.4407958984375,-5.536732991536458
m3gnet,wbm-3-35393,Er2 K2 Mn2 Se6,12,-66.31592559814453,False,-66.31592559814453,-5.526327133178711
m3gnet,wbm-3-35394,Hf2 K2 Mn2 Se6,12,-74.3612060546875,False,-74.3612060546875,-6.196767171223958
m3gnet,wbm-3-35395,Hf2 K2 Mn2 Se6,12,-74.36160278320312,False,-74.36160278320312,-6.196800231933594
m3gnet,wbm-3-35396,Hg2 K2 Mn2 Se6,12,-48.4425048828125,False,-48.4425048828125,-4.036875406901042
m3gnet,wbm-3-35397,K2 Mn2 Nb2 Se6,12,-71.62539672851562,False,-71.62539672851562,-5.968783060709636
m3gnet,wbm-3-35398,K2 Mn2 Nd2 Se6,12,-66.64774322509766,False,-66.64774322509766,-5.553978602091472
m3gnet,wbm-3-35399,K2 Mn2 Pr2 Se6,12,-66.6833724975586,False,-66.6833724975586,-5.556947708129883
m3gnet,wbm-3-35400,K2 Mn2 Se6 Ta2,12,-74.89895629882812,False,-74.89895629882812,-6.241579691569011
m3gnet,wbm-3-35401,K2 Mn2 Se6 Tb2,12,-66.46965026855469,False,-66.46965026855469,-5.539137522379558
m3gnet,wbm-3-35402,K2 Mn2 Se6 Th2,12,-72.07763671875,False,-72.07763671875,-6.0064697265625
m3gnet,wbm-3-35403,K2 Mn2 Se6 Tm2,12,-66.13211822509766,False,-66.13211822509766,-5.511009852091472
m3gnet,wbm-3-35404,K2 Mn2 Se6 U2,12,-75.78855895996094,False,-75.78855895996094,-6.315713246663411
m3gnet,wbm-3-35405,K2 Mn2 Se6 U2,12,-75.78905487060547,False,-75.78905487060547,-6.315754572550456
m3gnet,wbm-3-35406,K2 Mn2 Se6 Y2,12,-70.0946044921875,False,-70.0946044921875,-5.841217041015625
m3gnet,wbm-3-35407,K2 Mn2 Se6 Y2,12,-70.09437561035156,False,-70.09437561035156,-5.841197967529297
m3gnet,wbm-3-35408,K2 Mn2 Se6 Zr2,12,-71.64115905761719,False,-71.64115905761719,-5.970096588134766
m3gnet,wbm-3-35409,K3 Mn3 Tb3,9,-34.43501663208008,False,-34.43501663208008,-3.8261129591200085
m3gnet,wbm-3-35410,K1 Mn1 Te2,4,-18.634449005126953,False,-18.634449005126953,-4.658612251281738
m3gnet,wbm-3-35411,K2 Mn2 Nd2 Te6,12,-60.45762252807617,False,-60.45762252807617,-5.038135210673015
m3gnet,wbm-3-35412,K2 Mn2 Se6 Zn2,12,-52.33541488647461,False,-52.33541488647461,-4.361284573872884
m3gnet,wbm-3-35413,K2 Mn2 Se6 Zn2,12,-52.335174560546875,False,-52.335174560546875,-4.361264546712239
m3gnet,wbm-3-35414,K2 Mn2 Te6 Zr2,12,-65.07723999023438,False,-65.07723999023438,-5.423103332519531
m3gnet,wbm-3-35415,Bi2 K2 Nb2,6,-29.79395866394043,False,-29.79395866394043,-4.965659777323405
m3gnet,wbm-3-35416,K3 Nb3 Pd3,9,-40.782379150390625,False,-40.782379150390625,-4.531375461154514
m3gnet,wbm-3-35417,K2 Nd4 Pt4,10,-52.32297134399414,False,-52.32297134399414,-5.232297134399414
m3gnet,wbm-3-35418,K1 Nd2,3,-9.917359352111816,False,-9.917359352111816,-3.305786450703939
m3gnet,wbm-3-35419,K1 Nd1,2,-4.139524459838867,False,-4.139524459838867,-2.0697622299194336
m3gnet,wbm-3-35420,Br4 I2 K2 Ni4,12,-42.292232513427734,False,-42.292232513427734,-3.524352709452311
m3gnet,wbm-3-35421,Dy2 K1 Ni2,5,-23.03923797607422,False,-23.03923797607422,-4.607847595214844
m3gnet,wbm-3-35422,Er2 K1 Ni2,5,-23.030662536621094,False,-23.030662536621094,-4.606132507324219
m3gnet,wbm-3-35423,Eu2 K1 Ni2,5,-33.49919891357422,False,-33.49919891357422,-6.699839782714844
m3gnet,wbm-3-35424,Gd2 K1 Ni2,5,-41.887657165527344,False,-41.887657165527344,-8.377531433105469
m3gnet,wbm-3-35425,Ho2 K1 Ni2,5,-23.01563262939453,False,-23.01563262939453,-4.603126525878906
m3gnet,wbm-3-35426,K1 La2 Ni2,5,-23.476085662841797,False,-23.476085662841797,-4.695217132568359
m3gnet,wbm-3-35427,K1 Lu2 Ni2,5,-23.07556915283203,False,-23.07556915283203,-4.615113830566406
m3gnet,wbm-3-35428,K1 Nd2 Ni2,5,-23.01776695251465,False,-23.01776695251465,-4.603553390502929
m3gnet,wbm-3-35429,K1 Ni2 Pr2,5,-22.980873107910156,False,-22.980873107910156,-4.596174621582032
m3gnet,wbm-3-35430,K1 Ni2 Sb2,5,-22.42870330810547,False,-22.42870330810547,-4.485740661621094
m3gnet,wbm-3-35431,K1 Ni2 Sm2,5,-23.01000213623047,False,-23.01000213623047,-4.602000427246094
m3gnet,wbm-3-35432,K1 Ni2 Tb2,5,-23.04268455505371,False,-23.04268455505371,-4.608536911010742
m3gnet,wbm-3-35433,K2 Ni4 Th4,10,-54.9263801574707,False,-54.9263801574707,-5.492638015747071
m3gnet,wbm-3-35434,K1 Ni2 Tm2,5,-22.913387298583984,False,-22.913387298583984,-4.5826774597167965
m3gnet,wbm-3-35435,Ge4 K2 Ni6,12,-57.44069290161133,False,-57.44069290161133,-4.78672440846761
m3gnet,wbm-3-35436,Bi2 K1 Ni4,7,-32.20441436767578,False,-32.20441436767578,-4.600630623953683
m3gnet,wbm-3-35437,Cu2 K2 Ni2 Se6,12,-47.885738372802734,False,-47.885738372802734,-3.990478197733561
m3gnet,wbm-3-35438,Cu2 K2 Ni2 Te6,12,-45.433807373046875,False,-45.433807373046875,-3.7861506144205728
m3gnet,wbm-3-35439,Eu3 K3 Ni3,9,-45.27239227294922,False,-45.27239227294922,-5.030265808105469
m3gnet,wbm-3-35440,Ga4 K2 Ni2,8,-27.66680335998535,False,-27.66680335998535,-3.458350419998169
m3gnet,wbm-3-35441,Gd3 K3 Ni3,9,-53.137840270996094,False,-53.137840270996094,-5.904204474555121
m3gnet,wbm-3-35442,In4 K4 Ni4,12,-36.552146911621094,False,-36.552146911621094,-3.0460122426350913
m3gnet,wbm-3-35443,K4 Ni4 Pb4,12,-40.39991760253906,False,-40.39991760253906,-3.3666598002115884
m3gnet,wbm-3-35444,K3 Ni3 Pu3,9,-56.69199752807617,False,-56.69199752807617,-6.299110836452908
m3gnet,wbm-3-35445,Cd2 K2 Ni2 Se4,10,-35.62715530395508,False,-35.62715530395508,-3.562715530395508
m3gnet,wbm-3-35446,Dy2 K2 Ni2 Se6,12,-58.420406341552734,False,-58.420406341552734,-4.8683671951293945
m3gnet,wbm-3-35447,Er2 K2 Ni2 Se6,12,-58.353248596191406,False,-58.353248596191406,-4.862770716349284
m3gnet,wbm-3-35448,Ho2 K2 Ni2 Se6,12,-58.368587493896484,False,-58.368587493896484,-4.864048957824707
m3gnet,wbm-3-35449,K2 La2 Ni2 Se6,12,-59.579193115234375,False,-59.579193115234375,-4.964932759602864
m3gnet,wbm-3-35450,K2 Lu2 Ni2 Se6,12,-58.17738723754883,False,-58.17738723754883,-4.848115603129069
m3gnet,wbm-3-35451,K2 Nb2 Ni2 Se6,12,-65.2926025390625,False,-65.2926025390625,-5.441050211588542
m3gnet,wbm-3-35452,K2 Nd2 Ni2 Se6,12,-58.535491943359375,False,-58.535491943359375,-4.877957661946614
m3gnet,wbm-3-35453,K2 Ni2 Pr2 Se6,12,-58.56367874145508,False,-58.56367874145508,-4.880306561787923
m3gnet,wbm-3-35454,K2 Ni2 Se6 Sm2,12,-58.53489685058594,False,-58.53489685058594,-4.877908070882161
m3gnet,wbm-3-35455,K2 Ni2 Se6 Sr2,12,-49.97417449951172,False,-49.97417449951172,-4.164514541625977
m3gnet,wbm-3-35456,K2 Ni2 Se6 U2,12,-69.43153381347656,False,-69.43153381347656,-5.785961151123047
m3gnet,wbm-3-35457,K2 Ni2 Se6 Yb2,12,-49.71373748779297,False,-49.71373748779297,-4.142811457316081
m3gnet,wbm-3-35458,K1 Ni1 Te2,4,-15.195451736450195,False,-15.195451736450195,-3.798862934112549
m3gnet,wbm-3-35459,K1 Ni1 Te2,4,-15.1097993850708,False,-15.1097993850708,-3.7774498462677
m3gnet,wbm-3-35460,Hf2 K2 Ni2 Te6,12,-61.423980712890625,False,-61.423980712890625,-5.118665059407552
m3gnet,wbm-3-35461,K2 Ni2 Te6 Th2,12,-58.54462814331055,False,-58.54462814331055,-4.878719011942546
m3gnet,wbm-3-35462,K2 Ni2 Te6 Th2,12,-58.544612884521484,False,-58.544612884521484,-4.87871774037679
m3gnet,wbm-3-35463,K2 Ni2 Te6 U2,12,-63.239532470703125,False,-63.239532470703125,-5.269961039225261
m3gnet,wbm-3-35464,K2 Ni2 Tl4,8,-22.441104888916016,False,-22.441104888916016,-2.805138111114502
m3gnet,wbm-3-35465,K1 Np2,3,-26.070547103881836,False,-26.070547103881836,-8.690182367960611
m3gnet,wbm-3-35466,K1 Np1,2,-10.492521286010742,False,-10.492521286010742,-5.246260643005371
m3gnet,wbm-3-35467,Ba4 K2 Pd4,10,-34.026344299316406,False,-34.026344299316406,-3.4026344299316404
m3gnet,wbm-3-35468,Dy4 K2 Pd4,10,-45.86890411376953,False,-45.86890411376953,-4.586890411376953
m3gnet,wbm-3-35469,Er4 K2 Pd4,10,-45.93092346191406,False,-45.93092346191406,-4.593092346191407
m3gnet,wbm-3-35470,Gd4 K2 Pd4,10,-83.36034393310547,False,-83.36034393310547,-8.336034393310547
m3gnet,wbm-3-35471,Ho4 K2 Pd4,10,-45.87984085083008,False,-45.87984085083008,-4.587984085083008
m3gnet,wbm-3-35472,K2 La4 Pd4,10,-47.10063171386719,False,-47.10063171386719,-4.710063171386719
m3gnet,wbm-3-35473,K2 Lu4 Pd4,10,-45.89041519165039,False,-45.89041519165039,-4.589041519165039
m3gnet,wbm-3-35474,K2 Nd4 Pd4,10,-46.0302734375,False,-46.0302734375,-4.60302734375
m3gnet,wbm-3-35475,K2 Pd4 Pr4,10,-45.902687072753906,False,-45.902687072753906,-4.59026870727539
m3gnet,wbm-3-35476,K2 Pd4 Pr2,8,-34.44563293457031,False,-34.44563293457031,-4.305704116821289
m3gnet,wbm-3-35477,K2 Pd4 Pu4,10,-80.01155853271484,False,-80.01155853271484,-8.001155853271484
m3gnet,wbm-3-35478,K1 Pd2 Sb2,5,-22.321537017822266,False,-22.321537017822266,-4.464307403564453
m3gnet,wbm-3-35479,K2 Pd4 Sm4,10,-45.94748306274414,False,-45.94748306274414,-4.594748306274414
m3gnet,wbm-3-35480,K2 Pd4 Sm2,8,-34.37725067138672,False,-34.37725067138672,-4.29715633392334
m3gnet,wbm-3-35481,K2 Pd4 Tb4,10,-45.94938659667969,False,-45.94938659667969,-4.594938659667969
m3gnet,wbm-3-35482,K2 Pd4 Te6,12,-48.799964904785156,False,-48.799964904785156,-4.06666374206543
m3gnet,wbm-3-35483,K2 Pd4 Th4,10,-55.53267288208008,False,-55.53267288208008,-5.553267288208008
m3gnet,wbm-3-35484,K2 Pd4 Tm4,10,-45.64775466918945,False,-45.64775466918945,-4.564775466918945
m3gnet,wbm-3-35485,K2 Pd4 Yb4,10,-34.09846115112305,False,-34.09846115112305,-3.4098461151123045
m3gnet,wbm-3-35486,K2 Pd6 Sn4,12,-55.38654708862305,False,-55.38654708862305,-4.615545590718587
m3gnet,wbm-3-35487,K1 Pd3 Te2,6,-25.281272888183594,False,-25.281272888183594,-4.213545481363933
m3gnet,wbm-3-35488,K1 Pd4 Sb2,7,-33.490108489990234,False,-33.490108489990234,-4.784301212855747
m3gnet,wbm-3-35489,Ba3 K3 Pd3,9,-25.947895050048828,False,-25.947895050048828,-2.8830994500054254
m3gnet,wbm-3-35490,Ba4 K4 Pd4,12,-35.06858825683594,False,-35.06858825683594,-2.922382354736328
m3gnet,wbm-3-35491,Ce3 K3 Pd3,9,-34.67009735107422,False,-34.67009735107422,-3.8522330390082464
m3gnet,wbm-3-35492,Dy3 K3 Pd3,9,-31.888683319091797,False,-31.888683319091797,-3.543187035454644
m3gnet,wbm-3-35493,Er3 K3 Pd3,9,-31.652610778808594,False,-31.652610778808594,-3.516956753200955
m3gnet,wbm-3-35494,Eu3 K3 Pd3,9,-49.80061721801758,False,-49.80061721801758,-5.533401913113064
m3gnet,wbm-3-35495,Gd3 K3 Pd3,9,-60.55274963378906,False,-60.55274963378906,-6.7280832926432295
m3gnet,wbm-3-35496,Hf3 K3 Pd3,9,-42.85565185546875,False,-42.85565185546875,-4.761739095052083
m3gnet,wbm-3-35497,Ho3 K3 Pd3,9,-31.86493682861328,False,-31.86493682861328,-3.5405485365125866
m3gnet,wbm-3-35498,In3 K3 Pd3,9,-27.482280731201172,False,-27.482280731201172,-3.0535867479112415
m3gnet,wbm-3-35499,In4 K4 Pd4,12,-39.64968490600586,False,-39.64968490600586,-3.3041404088338218
m3gnet,wbm-3-35500,K3 Lu3 Pd3,9,-31.421833038330078,False,-31.421833038330078,-3.4913147820366754
m3gnet,wbm-3-35501,K3 Nd3 Pd3,9,-32.807472229003906,False,-32.807472229003906,-3.645274692111545
m3gnet,wbm-3-35502,K3 Np3 Pd3,9,-51.78948211669922,False,-51.78948211669922,-5.754386901855469
m3gnet,wbm-3-35503,K4 Pb4 Pd4,12,-42.712059020996094,False,-42.712059020996094,-3.5593382517496743
m3gnet,wbm-3-35504,K3 Pd3 Pr3,9,-32.86708068847656,False,-32.86708068847656,-3.6518978542751737
m3gnet,wbm-3-35505,K3 Pd3 Sm3,9,-32.489471435546875,False,-32.489471435546875,-3.6099412706163196
m3gnet,wbm-3-35506,K2 Pd2 Sn4,8,-32.17403030395508,False,-32.17403030395508,-4.021753787994385
m3gnet,wbm-3-35507,K3 Pd3 Ta3,9,-45.23118591308594,False,-45.23118591308594,-5.025687323676215
m3gnet,wbm-3-35508,K3 Pd3 Tb3,9,-31.989032745361328,False,-31.989032745361328,-3.5543369717068143
m3gnet,wbm-3-35509,K2 Pd2 Tl4,8,-23.675479888916016,False,-23.675479888916016,-2.959434986114502
m3gnet,wbm-3-35510,K3 Pd3 U3,9,-47.20929718017578,False,-47.20929718017578,-5.245477464463976
m3gnet,wbm-3-35511,K3 Pd3 Yb3,9,-24.6522216796875,False,-24.6522216796875,-2.7391357421875
m3gnet,wbm-3-35512,K1 Pb2 Pm1,4,-14.288354873657227,False,-14.288354873657227,-3.5720887184143066
m3gnet,wbm-3-35513,K1 Pm1 Pt2,4,-19.423622131347656,False,-19.423622131347656,-4.855905532836914
m3gnet,wbm-3-35514,K2 Pr4 Pt4,10,-52.22296905517578,False,-52.22296905517578,-5.222296905517578
m3gnet,wbm-3-35515,K1 Pr2,3,-9.963041305541992,False,-9.963041305541992,-3.3210137685139975
m3gnet,wbm-3-35516,K3 Pr3 Pt3,9,-37.20902633666992,False,-37.20902633666992,-4.1343362596299915
m3gnet,wbm-3-35517,K1 Pr1,2,-4.176595687866211,False,-4.176595687866211,-2.0882978439331055
m3gnet,wbm-3-35518,Bi2 K1 Pt2,5,-22.402446746826172,False,-22.402446746826172,-4.480489349365234
m3gnet,wbm-3-35519,K2 Np4 Pt4,10,-77.83773040771484,False,-77.83773040771484,-7.783773040771484
m3gnet,wbm-3-35520,K2 Pt4 Pu4,10,-83.56041717529297,False,-83.56041717529297,-8.356041717529298
m3gnet,wbm-3-35521,K2 Pt4 Th4,10,-62.67657470703125,False,-62.67657470703125,-6.267657470703125
m3gnet,wbm-3-35522,K4 Pb4 Pt4,12,-46.385154724121094,False,-46.385154724121094,-3.8654295603434243
m3gnet,wbm-3-35523,K3 Pt3 Pu3,9,-60.54983139038086,False,-60.54983139038086,-6.727759043375651
m3gnet,wbm-3-35524,K2 Pt2 Tl4,8,-25.16943359375,False,-25.16943359375,-3.14617919921875
m3gnet,wbm-3-35525,K6 Pt6,12,-45.12870788574219,False,-45.12870788574219,-3.760725657145182
m3gnet,wbm-3-35526,K2 Pt2,4,-14.5172119140625,False,-14.5172119140625,-3.629302978515625
m3gnet,wbm-3-35527,K1 Pu1,2,-12.803760528564453,False,-12.803760528564453,-6.401880264282227
m3gnet,wbm-3-35528,Au2 K2 Rb4,8,-14.569865226745605,False,-14.569865226745605,-1.8212331533432007
m3gnet,wbm-3-35529,In2 K2 Rb4 Sb4,12,-33.45451354980469,False,-33.45451354980469,-2.7878761291503906
m3gnet,wbm-3-35530,K2 Rb4 Sb2,8,-17.555076599121094,False,-17.555076599121094,-2.1943845748901367
m3gnet,wbm-3-35531,Ce4 K2 Rh4,10,-58.360939025878906,False,-58.360939025878906,-5.836093902587891
m3gnet,wbm-3-35532,Eu4 K2 Rh4,10,-73.2084732055664,False,-73.2084732055664,-7.3208473205566404
m3gnet,wbm-3-35533,Eu1 K1 Rh2,4,-24.584157943725586,False,-24.584157943725586,-6.1460394859313965
m3gnet,wbm-3-35534,Gd4 K2 Rh4,10,-91.2746810913086,False,-91.2746810913086,-9.12746810913086
m3gnet,wbm-3-35535,K2 Nd4 Rh4,10,-53.313270568847656,False,-53.313270568847656,-5.331327056884765
m3gnet,wbm-3-35536,K2 Pr4 Rh4,10,-53.151161193847656,False,-53.151161193847656,-5.315116119384766
m3gnet,wbm-3-35537,K1 Pu1 Rh2,4,-29.895057678222656,False,-29.895057678222656,-7.473764419555664
m3gnet,wbm-3-35538,K1 Rh2 Sb2,5,-26.781333923339844,False,-26.781333923339844,-5.356266784667969
m3gnet,wbm-3-35539,K2 Rh4 Sm4,10,-53.37714767456055,False,-53.37714767456055,-5.337714767456054
m3gnet,wbm-3-35540,K2 Rh4 Te6,12,-56.94309997558594,False,-56.94309997558594,-4.745258331298828
m3gnet,wbm-3-35541,K2 Rh4 Th4,10,-65.25106811523438,False,-65.25106811523438,-6.525106811523438
m3gnet,wbm-3-35542,K2 Rh4 Yb4,10,-40.16180419921875,False,-40.16180419921875,-4.016180419921875
m3gnet,wbm-3-35543,K1 Rh4 Sb2,7,-41.42595291137695,False,-41.42595291137695,-5.917993273053851
m3gnet,wbm-3-35544,Eu3 K3 Rh3,9,-52.574554443359375,False,-52.574554443359375,-5.841617160373264
m3gnet,wbm-3-35545,In4 K4 Rh4,12,-45.72279357910156,False,-45.72279357910156,-3.8102327982584634
m3gnet,wbm-3-35546,K3 Nd3 Rh3,9,-37.59461212158203,False,-37.59461212158203,-4.177179124620226
m3gnet,wbm-3-35547,K4 Pb4 Rh4,12,-48.80171203613281,False,-48.80171203613281,-4.066809336344401
m3gnet,wbm-3-35548,K3 Pr3 Rh3,9,-37.67594909667969,False,-37.67594909667969,-4.186216566297743
m3gnet,wbm-3-35549,K3 Pu3 Rh3,9,-63.70661544799805,False,-63.70661544799805,-7.078512827555339
m3gnet,wbm-3-35550,K3 Rh3 Sm3,9,-37.29426193237305,False,-37.29426193237305,-4.143806881374783
m3gnet,wbm-3-35551,K1 Rh1 Te2,4,-17.44849395751953,False,-17.44849395751953,-4.362123489379883
m3gnet,wbm-3-35552,K2 Rh2 Tl4,8,-26.422500610351562,False,-26.422500610351562,-3.3028125762939453
m3gnet,wbm-3-35553,K4 Rh4 Yb4,12,-40.423988342285156,False,-40.423988342285156,-3.3686656951904297
m3gnet,wbm-3-35554,K1 Ru2 Sb2,5,-29.233112335205078,False,-29.233112335205078,-5.846622467041016
m3gnet,wbm-3-35555,Au2 K1 Sb2,5,-17.4506893157959,False,-17.4506893157959,-3.4901378631591795
m3gnet,wbm-3-35556,Ir2 K1 Sb2,5,-28.564563751220703,False,-28.564563751220703,-5.712912750244141
m3gnet,wbm-3-35557,K1 Pt4 Sb2,7,-36.39739990234375,False,-36.39739990234375,-5.199628557477679
m3gnet,wbm-3-35558,Ba2 K2 Sb2,6,-18.612401962280273,False,-18.612401962280273,-3.102066993713379
m3gnet,wbm-3-35559,Ce2 K2 Sb2,6,-25.851009368896484,False,-25.851009368896484,-4.308501561482747
m3gnet,wbm-3-35560,Cs4 K2 Sb2,8,-17.147308349609375,False,-17.147308349609375,-2.143413543701172
m3gnet,wbm-3-35561,Dy2 K2 Sb2,6,-23.779712677001953,False,-23.779712677001953,-3.963285446166992
m3gnet,wbm-3-35562,Er2 K2 Sb2,6,-23.50916862487793,False,-23.50916862487793,-3.9181947708129883
m3gnet,wbm-3-35563,Eu2 K2 Sb2,6,-35.06642532348633,False,-35.06642532348633,-5.844404220581055
m3gnet,wbm-3-35564,Eu3 K3 Sb3,9,-51.14848327636719,False,-51.14848327636719,-5.683164808485243
m3gnet,wbm-3-35565,Gd2 K2 Sb2,6,-42.35961151123047,False,-42.35961151123047,-7.059935251871745
m3gnet,wbm-3-35566,Ho2 K2 Sb2,6,-23.69746971130371,False,-23.69746971130371,-3.949578285217285
m3gnet,wbm-3-35567,K2 La2 Sb2,6,-24.787742614746094,False,-24.787742614746094,-4.131290435791016
m3gnet,wbm-3-35568,K2 Lu2 Sb2,6,-23.28562355041504,False,-23.28562355041504,-3.8809372584025064
m3gnet,wbm-3-35569,K2 Nd2 Sb2,6,-24.302684783935547,False,-24.302684783935547,-4.050447463989258
m3gnet,wbm-3-35570,K2 Np2 Sb2,6,-37.12335205078125,False,-37.12335205078125,-6.187225341796875
m3gnet,wbm-3-35571,K2 Pr2 Sb2,6,-24.28302001953125,False,-24.28302001953125,-4.047170003255208
m3gnet,wbm-3-35572,K2 Sb2 Sm2,6,-24.190692901611328,False,-24.190692901611328,-4.031782150268555
m3gnet,wbm-3-35573,K2 Sb2 Tb2,6,-23.77370834350586,False,-23.77370834350586,-3.962284723917643
m3gnet,wbm-3-35574,K2 Sb2 Th2,6,-27.94215965270996,False,-27.94215965270996,-4.657026608784993
m3gnet,wbm-3-35575,K2 Sb2 Tm2,6,-23.450151443481445,False,-23.450151443481445,-3.908358573913574
m3gnet,wbm-3-35576,K2 Sb2 U2,6,-34.750423431396484,False,-34.750423431396484,-5.791737238566081
m3gnet,wbm-3-35577,K1 Sb1 Yb1,3,-8.791013717651367,False,-8.791013717651367,-2.930337905883789
m3gnet,wbm-3-35578,K1 Ni2 Sc2,5,-26.152725219726562,False,-26.152725219726562,-5.2305450439453125
m3gnet,wbm-3-35579,K2 Pd4 Sc4,10,-52.7910041809082,False,-52.7910041809082,-5.27910041809082
m3gnet,wbm-3-35580,K1 Sc2,3,-12.434955596923828,False,-12.434955596923828,-4.144985198974609
m3gnet,wbm-3-35581,As2 K2 Sc2,6,-29.299415588378906,False,-29.299415588378906,-4.883235931396484
m3gnet,wbm-3-35582,Cd2 K2 Sc2 Te6,12,-47.015525817871094,False,-47.015525817871094,-3.9179604848225913
m3gnet,wbm-3-35583,Cd2 K2 Sc2 Te6,12,-47.01417541503906,False,-47.01417541503906,-3.9178479512532554
m3gnet,wbm-3-35584,Co2 K2 Sc2 Se6,12,-63.104923248291016,False,-63.104923248291016,-5.258743604024251
m3gnet,wbm-3-35585,Fe2 K2 Sc2 Se6,12,-65.75409698486328,False,-65.75409698486328,-5.47950808207194
m3gnet,wbm-3-35586,K2 Mn2 Sc2 Se6,12,-68.57039642333984,False,-68.57039642333984,-5.714199701944987
m3gnet,wbm-3-35587,K1 Ni4 Sc1,6,-29.63628387451172,False,-29.63628387451172,-4.939380645751953
m3gnet,wbm-3-35588,K2 Ni2 Sc2 Se6,12,-61.19610595703125,False,-61.19610595703125,-5.0996754964192705
m3gnet,wbm-3-35589,K3 Pd3 Sc3,9,-35.64724349975586,False,-35.64724349975586,-3.9608048333062067
m3gnet,wbm-3-35590,K2 Sb2 Sc2,6,-27.334056854248047,False,-27.334056854248047,-4.555676142374675
m3gnet,wbm-3-35591,Ag2 K2 Sc2 Se6,12,-54.74054718017578,False,-54.74054718017578,-4.561712265014648
m3gnet,wbm-3-35592,Cd2 K2 Sc2 Se6,12,-52.482913970947266,False,-52.482913970947266,-4.3735761642456055
m3gnet,wbm-3-35593,Cd2 K2 Sc2 Se6,12,-52.481815338134766,False,-52.481815338134766,-4.3734846115112305
m3gnet,wbm-3-35594,Hg2 K2 Sc2 Se6,12,-49.631072998046875,False,-49.631072998046875,-4.135922749837239
m3gnet,wbm-3-35595,K2 Sc2 Te4,8,-37.341426849365234,False,-37.341426849365234,-4.667678356170654
m3gnet,wbm-3-35596,K2 Sc2 Se6 Zn2,12,-54.04502487182617,False,-54.04502487182617,-4.503752072652181
m3gnet,wbm-3-35597,K2 Sc2 Se6 Zn2,12,-54.04491424560547,False,-54.04491424560547,-4.503742853800456
m3gnet,wbm-3-35598,K2 Sc2 Te6 Zn2,12,-48.21656799316406,False,-48.21656799316406,-4.018047332763672
m3gnet,wbm-3-35599,Ag6 K2 Se4,12,-38.203948974609375,False,-38.203948974609375,-3.1836624145507812
m3gnet,wbm-3-35600,Ag2 Cd2 K2 Se4,10,-30.257160186767578,False,-30.257160186767578,-3.025716018676758
m3gnet,wbm-3-35601,Ag2 Cd2 K2 Se4,10,-30.14948272705078,False,-30.14948272705078,-3.014948272705078
m3gnet,wbm-3-35602,Au2 Hg2 K2 Se4,10,-28.795642852783203,False,-28.795642852783203,-2.8795642852783203
m3gnet,wbm-3-35603,Ba1 K1 Se2,4,-16.087141036987305,False,-16.087141036987305,-4.021785259246826
m3gnet,wbm-3-35604,Ba2 K2 Se4,8,-31.762178421020508,False,-31.762178421020508,-3.9702723026275635
m3gnet,wbm-3-35605,Cd2 K2 Pt2 Se4,10,-36.73869705200195,False,-36.73869705200195,-3.6738697052001954
m3gnet,wbm-3-35606,Eu2 K2 Se4,8,-48.49573516845703,False,-48.49573516845703,-6.061966896057129
m3gnet,wbm-3-35607,Hf1 K1 Se2,4,-23.3365478515625,False,-23.3365478515625,-5.834136962890625
m3gnet,wbm-3-35608,In2 K2 Se4,8,-28.311386108398438,False,-28.311386108398438,-3.5389232635498047
m3gnet,wbm-3-35609,Ir1 K1 Se2,4,-19.44794464111328,False,-19.44794464111328,-4.86198616027832
m3gnet,wbm-3-35610,K2 La2 Se4,8,-40.216026306152344,False,-40.216026306152344,-5.027003288269043
m3gnet,wbm-3-35611,K1 Nb1 Se2,4,-22.172271728515625,False,-22.172271728515625,-5.543067932128906
m3gnet,wbm-3-35612,K2 Nd2 Se4,8,-39.268341064453125,False,-39.268341064453125,-4.908542633056641
m3gnet,wbm-3-35613,K1 Np1 Se2,4,-26.173858642578125,False,-26.173858642578125,-6.543464660644531
m3gnet,wbm-3-35614,K2 Np2 Se4,8,-51.96086502075195,False,-51.96086502075195,-6.495108127593994
m3gnet,wbm-3-35615,Cd2 K2 Pd2 Se4,10,-35.19751739501953,False,-35.19751739501953,-3.5197517395019533
m3gnet,wbm-3-35616,K2 Pr2 Se4,8,-39.28042221069336,False,-39.28042221069336,-4.91005277633667
m3gnet,wbm-3-35617,Cd2 K2 Rh2 Se4,10,-39.660247802734375,False,-39.660247802734375,-3.9660247802734374
m3gnet,wbm-3-35618,K1 Rh1 Se2,4,-18.339458465576172,False,-18.339458465576172,-4.584864616394043
m3gnet,wbm-3-35619,K2 Se4 Sm2,8,-39.235538482666016,False,-39.235538482666016,-4.904442310333252
m3gnet,wbm-3-35620,K2 Se4 Sr2,8,-31.04006576538086,False,-31.04006576538086,-3.8800082206726074
m3gnet,wbm-3-35621,K1 Se2 Ta1,4,-23.7115421295166,False,-23.7115421295166,-5.92788553237915
m3gnet,wbm-3-35622,K2 Se4 Yb2,8,-29.777740478515625,False,-29.777740478515625,-3.722217559814453
m3gnet,wbm-3-35623,K1 Se2 Zr1,4,-22.048051834106445,False,-22.048051834106445,-5.512012958526611
m3gnet,wbm-3-35624,Ag2 Ce2 K2 Se6,12,-54.94683074951172,False,-54.94683074951172,-4.57890256245931
m3gnet,wbm-3-35625,Ag2 Dy2 K2 Se6,12,-52.42649459838867,False,-52.42649459838867,-4.368874549865723
m3gnet,wbm-3-35626,Ag2 Er2 K2 Se6,12,-52.217018127441406,False,-52.217018127441406,-4.351418177286784
m3gnet,wbm-3-35627,Ag2 Ho2 K2 Se6,12,-52.378997802734375,False,-52.378997802734375,-4.364916483561198
m3gnet,wbm-3-35628,Ag2 K2 Lu2 Se6,12,-52.12550735473633,False,-52.12550735473633,-4.34379227956136
m3gnet,wbm-3-35629,Ag2 K2 Se6 Ta2,12,-61.847408294677734,False,-61.847408294677734,-5.1539506912231445
m3gnet,wbm-3-35630,Ag2 K2 Se6 Tb2,12,-52.406707763671875,False,-52.406707763671875,-4.367225646972656
m3gnet,wbm-3-35631,Ag2 K2 Se6 Th2,12,-59.26165008544922,False,-59.26165008544922,-4.938470840454102
m3gnet,wbm-3-35632,Ag2 K2 Se6 Tm2,12,-52.223777770996094,False,-52.223777770996094,-4.351981480916341
m3gnet,wbm-3-35633,Ag2 K2 Se6 U2,12,-63.34449005126953,False,-63.34449005126953,-5.278707504272461
m3gnet,wbm-3-35634,Cd2 Ce2 K2 Se6,12,-52.488563537597656,False,-52.488563537597656,-4.374046961466472
m3gnet,wbm-3-35635,Cd2 Dy2 K2 Se6,12,-50.35951232910156,False,-50.35951232910156,-4.19662602742513
m3gnet,wbm-3-35636,Cd2 Dy2 K2 Se6,12,-50.359073638916016,False,-50.359073638916016,-4.196589469909668
m3gnet,wbm-3-35637,Cd2 Er2 K2 Se6,12,-50.128299713134766,False,-50.128299713134766,-4.177358309427897
m3gnet,wbm-3-35638,Cd2 Er2 K2 Se6,12,-50.12855911254883,False,-50.12855911254883,-4.177379926045735
m3gnet,wbm-3-35639,Cd2 Eu2 K2 Se6,12,-59.67353439331055,False,-59.67353439331055,-4.972794532775879
m3gnet,wbm-3-35640,Cd2 Gd2 K2 Se6,12,-69.3095703125,False,-69.3095703125,-5.775797526041667
m3gnet,wbm-3-35641,Cd2 Gd2 K2 Se6,12,-69.30987548828125,False,-69.30987548828125,-5.7758229573567705
m3gnet,wbm-3-35642,Cd2 Hf2 K2 Se6,12,-58.113059997558594,False,-58.113059997558594,-4.84275499979655
m3gnet,wbm-3-35643,Cd2 Ho2 K2 Se6,12,-50.282325744628906,False,-50.282325744628906,-4.190193812052409
m3gnet,wbm-3-35644,Cd2 Ho2 K2 Se6,12,-50.28238296508789,False,-50.28238296508789,-4.190198580423991
m3gnet,wbm-3-35645,Cd2 In2 K2 Se6,12,-39.529335021972656,False,-39.529335021972656,-3.2941112518310547
m3gnet,wbm-3-35646,Cd2 K2 La2 Se6,12,-51.63075256347656,False,-51.63075256347656,-4.302562713623047
m3gnet,wbm-3-35647,Cd2 K2 Lu2 Se6,12,-49.8707389831543,False,-49.8707389831543,-4.155894915262858
m3gnet,wbm-3-35648,Cd2 K2 Nd2 Se6,12,-50.65331268310547,False,-50.65331268310547,-4.221109390258789
m3gnet,wbm-3-35649,Cd2 K2 Pr2 Se6,12,-50.6685905456543,False,-50.6685905456543,-4.222382545471191
m3gnet,wbm-3-35650,Cd2 K2 Pu2 Se6,12,-66.52529907226562,False,-66.52529907226562,-5.543774922688802
m3gnet,wbm-3-35651,Cd2 K2 Se6 Sm2,12,-50.60786437988281,False,-50.60786437988281,-4.217322031656901
m3gnet,wbm-3-35652,Cd2 K2 Se6 Sm2,12,-50.607879638671875,False,-50.607879638671875,-4.217323303222656
m3gnet,wbm-3-35653,Cd2 K2 Se6 Tb2,12,-50.38090133666992,False,-50.38090133666992,-4.198408444722493
m3gnet,wbm-3-35654,Cd2 K2 Se6 Tm2,12,-49.96324157714844,False,-49.96324157714844,-4.16360346476237
m3gnet,wbm-3-35655,Cd2 K2 Se6 Tm2,12,-49.96356964111328,False,-49.96356964111328,-4.1636308034261065
m3gnet,wbm-3-35656,Cd2 K2 Se6 U2,12,-59.768646240234375,False,-59.768646240234375,-4.980720520019531
m3gnet,wbm-3-35657,Cd2 K2 Se6 Yb2,12,-41.02241897583008,False,-41.02241897583008,-3.4185349146525064
m3gnet,wbm-3-35658,Ce2 Hg2 K2 Se6,12,-49.71756362915039,False,-49.71756362915039,-4.143130302429199
m3gnet,wbm-3-35659,Ce2 K2 Pt2 Se6,12,-62.17897033691406,False,-62.17897033691406,-5.181580861409505
m3gnet,wbm-3-35660,Dy2 Hg2 K2 Se6,12,-47.5374641418457,False,-47.5374641418457,-3.9614553451538086
m3gnet,wbm-3-35661,Dy2 Hg2 K2 Se6,12,-47.538177490234375,False,-47.538177490234375,-3.9615147908528647
m3gnet,wbm-3-35662,Er2 Hg2 K2 Se6,12,-47.2292594909668,False,-47.2292594909668,-3.935771624247233
m3gnet,wbm-3-35663,Er2 Hg2 K2 Se6,12,-47.22913360595703,False,-47.22913360595703,-3.9357611338297525
m3gnet,wbm-3-35664,Eu2 Hg2 K2 Se6,12,-56.8784294128418,False,-56.8784294128418,-4.739869117736816
m3gnet,wbm-3-35665,Eu2 Hg2 K2 Se6,12,-56.87729263305664,False,-56.87729263305664,-4.739774386088054
m3gnet,wbm-3-35666,Gd2 Hg2 K2 Se6,12,-66.45372772216797,False,-66.45372772216797,-5.537810643513997
m3gnet,wbm-3-35667,Gd2 Hg2 K2 Se6,12,-66.45204162597656,False,-66.45204162597656,-5.537670135498047
m3gnet,wbm-3-35668,Au2 Hf2 K2 Se6,12,-62.364341735839844,False,-62.364341735839844,-5.197028477986653
m3gnet,wbm-3-35669,Hf2 Hg2 K2 Se6,12,-55.57264709472656,False,-55.57264709472656,-4.631053924560547
m3gnet,wbm-3-35670,Hf2 K2 Pt2 Se6,12,-68.8858871459961,False,-68.8858871459961,-5.740490595499675
m3gnet,wbm-3-35671,Hg2 K2 Np2 Se6,12,-60.126216888427734,False,-60.126216888427734,-5.0105180740356445
m3gnet,wbm-3-35672,Hg2 K2 Pu2 Se6,12,-63.75575256347656,False,-63.75575256347656,-5.312979380289714
m3gnet,wbm-3-35673,Hg2 K2 Pu2 Se6,12,-63.7555046081543,False,-63.7555046081543,-5.312958717346191
m3gnet,wbm-3-35674,Hg2 K2 Se6 U2,12,-56.97100067138672,False,-56.97100067138672,-4.747583389282227
m3gnet,wbm-3-35675,Hg2 Ho2 K2 Se6,12,-47.44430160522461,False,-47.44430160522461,-3.9536918004353843
m3gnet,wbm-3-35676,Hg2 In2 K2 Se6,12,-36.72700500488281,False,-36.72700500488281,-3.060583750406901
m3gnet,wbm-3-35677,Hg2 K2 La2 Se6,12,-49.00272750854492,False,-49.00272750854492,-4.083560625712077
m3gnet,wbm-3-35678,Hg2 K2 Lu2 Se6,12,-47.02946090698242,False,-47.02946090698242,-3.919121742248535
m3gnet,wbm-3-35679,Hg2 K2 Lu2 Se6,12,-47.02597427368164,False,-47.02597427368164,-3.91883118947347
m3gnet,wbm-3-35680,Ag2 K2 Nb2 Se6,12,-58.32381820678711,False,-58.32381820678711,-4.860318183898926
m3gnet,wbm-3-35681,Hg2 K2 Nd2 Se6,12,-47.89854431152344,False,-47.89854431152344,-3.9915453592936196
m3gnet,wbm-3-35682,Hg2 K2 Nd2 Se6,12,-47.898193359375,False,-47.898193359375,-3.99151611328125
m3gnet,wbm-3-35683,Ce2 K2 Pd2 Se6,12,-60.70453643798828,False,-60.70453643798828,-5.0587113698323565
m3gnet,wbm-3-35684,Hf2 K2 Pd2 Se6,12,-67.44886016845703,False,-67.44886016845703,-5.620738347371419
m3gnet,wbm-3-35685,K2 Pd2 Se6 Th2,12,-65.0284194946289,False,-65.0284194946289,-5.419034957885742
m3gnet,wbm-3-35686,K2 Pd2 Se6 U2,12,-68.99147033691406,False,-68.99147033691406,-5.749289194742839
m3gnet,wbm-3-35687,Hg2 K2 Pr2 Se6,12,-47.93751525878906,False,-47.93751525878906,-3.994792938232422
m3gnet,wbm-3-35688,K2 Pt2 Se6 Th2,12,-66.4688949584961,False,-66.4688949584961,-5.539074579874675
m3gnet,wbm-3-35689,K2 Pt2 Se6 U2,12,-70.50853729248047,False,-70.50853729248047,-5.875711441040039
m3gnet,wbm-3-35690,Ce2 K2 Rh2 Se6,12,-64.50109100341797,False,-64.50109100341797,-5.375090916951497
m3gnet,wbm-3-35691,Hf2 K2 Rh2 Se6,12,-71.16455841064453,False,-71.16455841064453,-5.930379867553711
m3gnet,wbm-3-35692,K2 Rh2 Se6 Th2,12,-68.59406280517578,False,-68.59406280517578,-5.716171900431315
m3gnet,wbm-3-35693,K2 Rh2 Se6 U2,12,-72.9412841796875,False,-72.9412841796875,-6.078440348307292
m3gnet,wbm-3-35694,Hg2 K2 Se6 Sm2,12,-47.81026840209961,False,-47.81026840209961,-3.984189033508301
m3gnet,wbm-3-35695,Hg2 K2 Se6 Sm2,12,-47.81059265136719,False,-47.81059265136719,-3.984216054280599
m3gnet,wbm-3-35696,Cd2 K2 Se6 Sr2,12,-42.401756286621094,False,-42.401756286621094,-3.533479690551758
m3gnet,wbm-3-35697,Hg2 K2 Se6 Sr2,12,-39.66856384277344,False,-39.66856384277344,-3.305713653564453
m3gnet,wbm-3-35698,Hg2 K2 Se6 Tb2,12,-47.50102615356445,False,-47.50102615356445,-3.958418846130371
m3gnet,wbm-3-35699,Hg2 K2 Se6 Tm2,12,-47.18333053588867,False,-47.18333053588867,-3.931944211324056
m3gnet,wbm-3-35700,Hg2 K2 Se6 Tm2,12,-47.184635162353516,False,-47.184635162353516,-3.9320529301961265
m3gnet,wbm-3-35701,Ag2 K2 Se6 Y2,12,-56.10062789916992,False,-56.10062789916992,-4.675052324930827
m3gnet,wbm-3-35702,Hg2 K2 Se6 Yb2,12,-38.296348571777344,False,-38.296348571777344,-3.1913623809814453
m3gnet,wbm-3-35703,Hg2 K2 Se6 Y2,12,-51.188697814941406,False,-51.188697814941406,-4.265724817911784
m3gnet,wbm-3-35704,Ag2 K2 Se6 Zr2,12,-58.70344543457031,False,-58.70344543457031,-4.891953786214192
m3gnet,wbm-3-35705,Cd2 K2 Se6 Zr2,12,-55.3911247253418,False,-55.3911247253418,-4.615927060445149
m3gnet,wbm-3-35706,Hg2 K2 Se6 Zr2,12,-52.90969467163086,False,-52.90969467163086,-4.409141222635905
m3gnet,wbm-3-35707,Hg2 K2 Se6 Zr2,12,-52.907936096191406,False,-52.907936096191406,-4.408994674682617
m3gnet,wbm-3-35708,K1 Se6 Zr3,10,-61.16383361816406,False,-61.16383361816406,-6.116383361816406
m3gnet,wbm-3-35709,Cs4 K4 Se4,12,-34.81938934326172,False,-34.81938934326172,-2.901615778605143
m3gnet,wbm-3-35710,K2 Se2,4,-12.96123218536377,False,-12.96123218536377,-3.2403080463409424
m3gnet,wbm-3-35711,K2 Pt4 Sm4,10,-52.256744384765625,False,-52.256744384765625,-5.225674438476562
m3gnet,wbm-3-35712,K1 Sm2,3,-9.788601875305176,False,-9.788601875305176,-3.262867291768392
m3gnet,wbm-3-35713,K1 Sm1,2,-4.022222995758057,False,-4.022222995758057,-2.0111114978790283
m3gnet,wbm-3-35714,Eu1 K1 Sn2,4,-21.0991268157959,False,-21.0991268157959,-5.274781703948975
m3gnet,wbm-3-35715,Gd1 K1 Sn2,4,-24.815074920654297,False,-24.815074920654297,-6.203768730163574
m3gnet,wbm-3-35716,K2 La4 Sn4,10,-43.247314453125,False,-43.247314453125,-4.3247314453125
m3gnet,wbm-3-35717,K1 Np1 Sn2,4,-21.84653091430664,False,-21.84653091430664,-5.46163272857666
m3gnet,wbm-3-35718,K2 Pt2 Sn4,8,-34.38632583618164,False,-34.38632583618164,-4.298290729522705
m3gnet,wbm-3-35719,K1 Pu1 Sn2,4,-23.973630905151367,False,-23.973630905151367,-5.993407726287842
m3gnet,wbm-3-35720,Eu2 K1 Sn1,4,-26.03605842590332,False,-26.03605842590332,-6.50901460647583
m3gnet,wbm-3-35721,I6 K2 Sn2,10,-28.403770446777344,False,-28.403770446777344,-2.8403770446777346
m3gnet,wbm-3-35722,Cs2 I6 K1 Sn1,10,-26.252904891967773,False,-26.252904891967773,-2.6252904891967774
m3gnet,wbm-3-35723,K2 Rh4 Sr4,10,-37.791500091552734,False,-37.791500091552734,-3.7791500091552734
m3gnet,wbm-3-35724,K1 Sr2,3,-4.326170444488525,False,-4.326170444488525,-1.4420568148295085
m3gnet,wbm-3-35725,K4 Sr8,12,-16.727163314819336,False,-16.727163314819336,-1.3939302762349446
m3gnet,wbm-3-35726,Ag2 K2 Sr2 Te6,12,-41.199893951416016,False,-41.199893951416016,-3.4333244959513345
m3gnet,wbm-3-35727,I6 K2 Sr2,10,-30.949670791625977,False,-30.949670791625977,-3.094967079162598
m3gnet,wbm-3-35728,Ir4 K4 Sr4,12,-42.78532791137695,False,-42.78532791137695,-3.565443992614746
m3gnet,wbm-3-35729,K4 Pd4 Sr4,12,-34.22275161743164,False,-34.22275161743164,-2.8518959681193032
m3gnet,wbm-3-35730,K3 Pt3 Sr3,9,-29.30710792541504,False,-29.30710792541504,-3.2563453250461154
m3gnet,wbm-3-35731,K4 Rh4 Sr4,12,-38.530975341796875,False,-38.530975341796875,-3.2109146118164062
m3gnet,wbm-3-35732,K2 Sb2 Sr2,6,-18.198062896728516,False,-18.198062896728516,-3.033010482788086
m3gnet,wbm-3-35733,K2 Sr2 Te4,8,-28.793743133544922,False,-28.793743133544922,-3.5992178916931152
m3gnet,wbm-3-35734,K4 Sr4,8,-9.712333679199219,False,-9.712333679199219,-1.2140417098999023
m3gnet,wbm-3-35735,Bi2 K2 Ta2,6,-33.02052307128906,False,-33.02052307128906,-5.503420511881511
m3gnet,wbm-3-35736,Hg1 K1 Tb2,4,-9.74600601196289,False,-9.74600601196289,-2.4365015029907227
m3gnet,wbm-3-35737,K1 Tb2,3,-9.539653778076172,False,-9.539653778076172,-3.179884592692057
m3gnet,wbm-3-35738,K1 Tb1,2,-3.9409050941467285,False,-3.9409050941467285,-1.9704525470733643
m3gnet,wbm-3-35739,Au6 K2 Te4,12,-38.63982391357422,False,-38.63982391357422,-3.219985326131185
m3gnet,wbm-3-35740,Ba1 K1 Te2,4,-14.526788711547852,False,-14.526788711547852,-3.631697177886963
m3gnet,wbm-3-35741,Bi2 K2 Te4,8,-27.037172317504883,False,-27.037172317504883,-3.3796465396881104
m3gnet,wbm-3-35742,Ce2 K2 Te4,8,-37.527191162109375,False,-37.527191162109375,-4.690898895263672
m3gnet,wbm-3-35743,Eu2 K2 Te4,8,-46.15264129638672,False,-46.15264129638672,-5.76908016204834
m3gnet,wbm-3-35744,K2 La2 Te4,8,-36.59956359863281,False,-36.59956359863281,-4.574945449829102
m3gnet,wbm-3-35745,K2 Nd2 Te4,8,-35.59529495239258,False,-35.59529495239258,-4.449411869049072
m3gnet,wbm-3-35746,K2 Np2 Te4,8,-47.938907623291016,False,-47.938907623291016,-5.992363452911377
m3gnet,wbm-3-35747,K1 Pa1 Te2,4,-20.392311096191406,False,-20.392311096191406,-5.098077774047852
m3gnet,wbm-3-35748,K1 Pt3 Te2,6,-27.9824275970459,False,-27.9824275970459,-4.663737932840983
m3gnet,wbm-3-35749,K2 Pu2 Te4,8,-51.554622650146484,False,-51.554622650146484,-6.4443278312683105
m3gnet,wbm-3-35750,K2 Sm2 Te4,8,-35.49269104003906,False,-35.49269104003906,-4.436586380004883
m3gnet,wbm-3-35751,K1 Ta1 Te2,4,-21.450218200683594,False,-21.450218200683594,-5.362554550170898
m3gnet,wbm-3-35752,K2 Te4 Yb2,8,-27.385143280029297,False,-27.385143280029297,-3.423142910003662
m3gnet,wbm-3-35753,Au4 K2 Te6,12,-38.847923278808594,False,-38.847923278808594,-3.2373269399007163
m3gnet,wbm-3-35754,Au2 K2 Te6 Th2,12,-54.13469696044922,False,-54.13469696044922,-4.511224746704102
m3gnet,wbm-3-35755,Au2 K2 Te6 U2,12,-58.5538215637207,False,-58.5538215637207,-4.879485130310059
m3gnet,wbm-3-35756,Au2 Ce2 K2 Te6,12,-51.09453582763672,False,-51.09453582763672,-4.2578779856363935
m3gnet,wbm-3-35757,Dy2 Hg2 K2 Te6,12,-42.423892974853516,False,-42.423892974853516,-3.5353244145711265
m3gnet,wbm-3-35758,Er2 Hg2 K2 Te6,12,-42.14027404785156,False,-42.14027404785156,-3.5116895039876304
m3gnet,wbm-3-35759,Hg2 Ho2 K2 Te6,12,-42.29463195800781,False,-42.29463195800781,-3.524552663167318
m3gnet,wbm-3-35760,Ir4 K2 Te6,12,-60.679874420166016,False,-60.679874420166016,-5.056656201680501
m3gnet,wbm-3-35761,Hg2 K2 La2 Te6,12,-44.012611389160156,False,-44.012611389160156,-3.667717615763346
m3gnet,wbm-3-35762,Hg2 K2 La2 Te6,12,-44.012168884277344,False,-44.012168884277344,-3.6676807403564453
m3gnet,wbm-3-35763,Hg2 K2 Nd2 Te6,12,-42.920589447021484,False,-42.920589447021484,-3.5767157872517905
m3gnet,wbm-3-35764,Hg2 K2 Pr2 Te6,12,-42.948856353759766,False,-42.948856353759766,-3.579071362813314
m3gnet,wbm-3-35765,K2 Pt2 Te6,10,-38.86492919921875,False,-38.86492919921875,-3.886492919921875
m3gnet,wbm-3-35766,Hg2 K2 Tb2 Te6,12,-42.50715637207031,False,-42.50715637207031,-3.5422630310058594
m3gnet,wbm-3-35767,Hg2 K2 Te6 Tm2,12,-41.915748596191406,False,-41.915748596191406,-3.492979049682617
m3gnet,wbm-3-35768,Cs4 K4 Te4,12,-32.76417541503906,False,-32.76417541503906,-2.7303479512532554
m3gnet,wbm-3-35769,K1 Th2,3,-14.901369094848633,False,-14.901369094848633,-4.967123031616211
m3gnet,wbm-3-35770,K1 Th1,2,-6.3419718742370605,False,-6.3419718742370605,-3.1709859371185303
m3gnet,wbm-3-35771,Co2 K2 Se6 Ti2,12,-64.31480407714844,False,-64.31480407714844,-5.359567006429036
m3gnet,wbm-3-35772,Fe2 K2 Se6 Ti2,12,-66.89994049072266,False,-66.89994049072266,-5.574995040893555
m3gnet,wbm-3-35773,K2 Mn2 Se6 Ti2,12,-68.83307647705078,False,-68.83307647705078,-5.736089706420898
m3gnet,wbm-3-35774,K2 Ni2 Se6 Ti2,12,-62.25164794921875,False,-62.25164794921875,-5.1876373291015625
m3gnet,wbm-3-35775,K2 Ni2 Te6 Ti2,12,-56.404972076416016,False,-56.404972076416016,-4.700414339701335
m3gnet,wbm-3-35776,K3 Pd3 Ti3,9,-34.67365646362305,False,-34.67365646362305,-3.8526284959581165
m3gnet,wbm-3-35777,K1 Se2 Ti1,4,-20.800662994384766,False,-20.800662994384766,-5.200165748596191
m3gnet,wbm-3-35778,Ag2 K2 Se6 Ti2,12,-55.774078369140625,False,-55.774078369140625,-4.647839864095052
m3gnet,wbm-3-35779,Cd2 K2 Se6 Ti2,12,-52.5672607421875,False,-52.5672607421875,-4.380605061848958
m3gnet,wbm-3-35780,Hg2 K2 Se6 Ti2,12,-50.22962951660156,False,-50.22962951660156,-4.185802459716797
m3gnet,wbm-3-35781,Hg2 K2 Se6 Ti2,12,-50.23335266113281,False,-50.23335266113281,-4.186112721761067
m3gnet,wbm-3-35782,K2 Pd2 Se6 Ti2,12,-61.8413200378418,False,-61.8413200378418,-5.153443336486816
m3gnet,wbm-3-35783,K2 Pt2 Se6 Ti2,12,-63.49850845336914,False,-63.49850845336914,-5.291542371114095
m3gnet,wbm-3-35784,K2 Rh2 Se6 Ti2,12,-66.07909393310547,False,-66.07909393310547,-5.506591161092122
m3gnet,wbm-3-35785,K1 Te2 Ti1,4,-18.752588272094727,False,-18.752588272094727,-4.688147068023682
m3gnet,wbm-3-35786,K2 Se6 Ti2 Zn2,12,-54.09418869018555,False,-54.09418869018555,-4.507849057515462
m3gnet,wbm-3-35787,K1 Tm1,2,-3.684802532196045,False,-3.684802532196045,-1.8424012660980225
m3gnet,wbm-3-35788,K1 U2,3,-22.21231460571289,False,-22.21231460571289,-7.404104868570964
m3gnet,wbm-3-35789,K1 U1,2,-8.703756332397461,False,-8.703756332397461,-4.3518781661987305
m3gnet,wbm-3-35790,Br6 K1 Rb2 V1,10,-35.88006591796875,False,-35.88006591796875,-3.588006591796875
m3gnet,wbm-3-35791,K2 Ni2 Se6 V2,12,-62.17633819580078,False,-62.17633819580078,-5.1813615163167315
m3gnet,wbm-3-35792,K2 Ni2 Te6 V2,12,-56.6732177734375,False,-56.6732177734375,-4.722768147786458
m3gnet,wbm-3-35793,K3 Pd3 V3,9,-37.70981979370117,False,-37.70981979370117,-4.189979977077908
m3gnet,wbm-3-35794,Ag2 K2 Se6 V2,12,-55.58465576171875,False,-55.58465576171875,-4.6320546468098955
m3gnet,wbm-3-35795,K1 Te2 V1,4,-18.92262077331543,False,-18.92262077331543,-4.730655193328857
m3gnet,wbm-3-35796,K2 Se6 V2 Zn2,12,-53.725460052490234,False,-53.725460052490234,-4.477121671040853
m3gnet,wbm-3-35797,K2 Pd4 Y4,10,-53.439048767089844,False,-53.439048767089844,-5.343904876708985
m3gnet,wbm-3-35798,K2 Pt4 Y4,10,-59.513145446777344,False,-59.513145446777344,-5.951314544677734
m3gnet,wbm-3-35799,Ag3 K3 Y3,9,-28.23295783996582,False,-28.23295783996582,-3.136995315551758
m3gnet,wbm-3-35800,K2 Pt4 Yb4,10,-39.232826232910156,False,-39.232826232910156,-3.9232826232910156
m3gnet,wbm-3-35801,K1 Yb2,3,-3.8417110443115234,False,-3.8417110443115234,-1.280570348103841
m3gnet,wbm-3-35802,K3 Pt3 Yb3,9,-28.368900299072266,False,-28.368900299072266,-3.152100033230252
m3gnet,wbm-3-35803,K1 Yb1,2,-2.12451434135437,False,-2.12451434135437,-1.062257170677185
